 1	   1	 223	 134	 165	 130	 189	 133	 136	 125	 166	 118
       1	   1	 215	 138	 135	 111	 175	 108	 113	 126	 190	 115
       1	   1	 215	 163	 114	  93	 166	 140	 129	 105	 153	  59
       1	   1	 220	 186	 104	  80	 153	 154	 125	 117	 142	  78
       1	   1	 220	 200	  98	  68	 128	 162	 105	  98	 182	  51
       1	   1	 229	 134	 176	 130	 167	  37	 189	 109	 118	 138
       1	   1	 228	 124	 182	 137	 171	  86	 170	  98	 134	 140
       1	   1	 218	 103	 167	 120	 164	  96	 126	 119	 186	 133
       1	   1	 217	 104	 165	 118	 169	 103	 150	 121	 180	 154
       1	   1	 218	 126	 152	 107	 148	 114	 129	  99	 173	 108
       1	   1	 226	 132	 178	 134	 181	  71	  83	 129	 185	 110
       1	   1	 226	 131	 177	 135	 172	 125	 159	  92	 146	 127
       1	   1	 224	 120	 174	 131	 176	 107	 152	 112	 178	 135
       1	   1	 223	 114	 178	 133	 179	 133	 165	 116	 169	 134
       1	   1	 227	 123	 180	 141	 173	  94	 162	 103	 148	 112
       1	   1	 228	 143	 171	 130	 179	 124	 143	 106	  94	 126
       1	   1	 228	 143	 170	 134	 177	 120	 117	 110	 128	 134
       1	   1	 227	 136	 174	 132	 187	  92	 121	 123	 149	 117
       1	   1	 225	 132	 170	 129	 168	  75	 147	 111	 170	  77
       1	   1	 227	 132	 176	 131	 178	  97	 132	 108	 188	 141
       1	   2	 224	 140	 161	 125	 182	 100	 124	 109	 155	 134
       1	   2	 227	 135	 174	 135	 184	 122	 123	 122	 131	 119
       1	   2	 226	 127	 179	 139	 182	  88	 143	 116	 188	  96
       1	   2	 209	 172	  69	  79	 187	  82	  89	 139	 157	 153
       1	   2	 218	 175	 106	  78	 162	 138	 112	 124	 140	 123
       1	   2	 224	 166	 134	  90	 153	 102	 119	 114	 207	 136
       1	   2	 212	 191	  76	  68	 159	  89	 110	 123	 149	 114
       1	   2	 219	 190	  95	  58	 140	 112	 104	 129	 186	  80
       1	   2	 220	 194	 102	  53	 102	 124	  55	 105	 178	 120
       2	   3	 186	 155	  57	  61	 155	  55	 141	 113	 179	 124
       2	   3	 180	 150	  53	  61	 149	  90	  89	 128	 173	 118
       2	   3	 180	 149	  54	  60	 146	 127	 138	 118	 139	 101
       2	   3	 182	 151	  56	  60	 154	  59	 135	 112	 156	  95
       2	   3	 177	 148	  54	  58	 148	 124	 140	 121	 135	 145
       2	   3	 177	 153	  54	  60	 151	 126	 108	 117	 148	 141
       2	   3	 186	 164	  59	  61	 145	 118	 147	 108	 144	 130
       2	   3	 186	 167	  58	  51	 138	 130	 110	 115	 166	 133
       2	   3	 182	 155	  56	  61	 163	 116	  98	 122	 157	 123
       2	   3	 181	 151	  53	  62	 163	 117	 148	 116	 147	 152
       2	   3	 185	 155	  56	  68	 161	 148	 126	 121	 155	 124
       2	   3	 187	 158	  58	  70	 163	 142	 128	 117	 154	 101
       2	   3	 180	 153	  54	  63	 160	  87	 115	 122	 182	  96
       2	   3	 176	 152	  49	  60	 163	 123	 115	 119	 168	  88
       2	   3	 181	 159	  52	  60	 148	 125	  87	 125	 169	 150
       2	   3	 184	 163	  52	  53	 144	 103	 104	 118	 126	 122
       2	   3	 178	 148	  50	  54	 147	 101	 131	 125	 200	 117
       2	   3	 181	 148	  53	  58	 157	  64	 111	 126	 167	 114
       2	   3	 189	 159	  59	  66	 157	 120	 122	 117	 147	 164
       2	   3	 192	 162	  61	  68	 168	 142	 136	 114	 180	 115
       2	   3	 185	 154	  57	  69	 169	 141	 135	 125	 187	 117
       2	   3	 176	 146	  49	  60	 159	 125	 116	 132	 152	 142
       2	   3	 178	 148	  49	  63	 167	 126	 109	 121	 153	 145
       2	   3	 182	 155	  50	  62	 160	 154	 116	 118	 163	 138
       2	   3	 181	 152	  52	  56	 152	  97	 106	 128	 174	  96
       2	   3	 182	 153	  54	  57	 153	  64	 110	 128	 156	 157
       2	   3	 185	 162	  57	  59	 152	 125	 113	 111	 154	 127
       2	   3	 186	 165	  58	  57	 140	  96	 139	 115	 157	 134
       2	   3	 185	 159	  56	  60	 150	  61	 140	 118	 139	 154
       2	   3	 180	 150	  50	  59	 159	  94	  83	 127	 173	 112
       2	   3	 178	 142	  45	  54	 172	  98	 109	 131	 178	  85
       2	   3	 179	 144	  44	  59	 169	 127	 113	 129	 149	 141
       2	   3	 179	 147	  47	  64	 164	  99	 133	 132	 189	 145
       2	   3	 180	 150	  51	  62	 169	 153	 116	 121	 197	 126
       2	   3	 182	 155	  54	  61	 154	 127	 112	 120	 201	  96
       2	   3	 185	 158	  56	  64	 166	 147	 125	 112	 151	 115
       2	   3	 185	 155	  56	  61	 163	 150	 124	 116	 143	 128
       2	   3	 184	 153	  53	  63	 164	 154	 114	 118	 206	 127
       2	   3	 180	 149	  48	  64	 170	 148	  94	 123	 164	 134
       2	   3	 174	 140	  41	  57	 175	 123	 161	 116	 150	 129
       2	   3	 175	 139	  43	  54	 154	 105	 150	 120	 138	 118
       2	   3	 179	 145	  47	  53	 155	  99	 155	 110	 122	 138
       2	   3	 181	 149	  49	  54	 149	  69	 151	 114	 140	 125
       2	   3	 183	 151	  50	  57	 156	  97	 106	 121	 176	  95
       2	   3	 182	 148	  49	  56	 160	  96	 110	 124	 163	 130
       2	   3	 184	 153	  53	  60	 157	 122	 118	 117	 149	 129
       2	   3	 184	 158	  54	  60	 146	  94	  81	 119	 183	 110
       2	   3	 176	 147	  45	  55	 147	  67	 151	 115	 141	 138
       2	   3	 171	 132	  42	  64	 171	 128	  50	 137	 175	 101
       2	   3	 171	 132	  42	  64	 180	 123	 132	 119	 153	 109
       2	   3	 172	 136	  42	  58	 162	 100	 124	 121	 167	 102
       2	   3	 177	 142	  47	  64	 167	 119	 138	 114	 151	 120
       2	   3	 180	 146	  50	  59	 162	 123	 138	 116	 178	 142
       2	   3	 185	 153	  54	  61	 157	 152	 120	 116	 161	  95
       2	   3	 187	 161	  56	  62	 150	 149	 119	 108	 161	 108
       2	   3	 182	 155	  51	  55	 146	 131	 128	 109	 177	  99
       2	   4	 165	 127	  35	  58	 165	 131	 126	 130	 184	 144
       2	   4	 163	 116	  33	  57	 173	 162	 120	 124	 192	 110
       2	   4	 165	 109	  34	  57	 177	 129	 151	 130	 168	 131
       2	   4	 161	 108	  37	  56	 174	 162	 146	 124	 165	 129
       2	   4	 159	 110	  39	  54	 161	 135	 164	 118	 179	 134
       2	   4	 168	 120	  41	  57	 164	 105	 114	 129	 149	 147
       2	   4	 171	 130	  44	  58	 157	  99	  92	 122	 157	  95
       2	   4	 173	 134	  44	  60	 165	 120	 107	 126	 204	 140
       2	   4	 163	 113	  34	  55	 169	  97	 125	 136	 175	 106
       2	   4	 160	 108	  36	  56	 173	 129	 150	 130	 164	 120
       2	   4	 165	 117	  38	  57	 166	  73	 114	 130	 173	  78
       2	   4	 171	 132	  41	  59	 158	 162	 150	 118	 179	 136
       2	   4	 179	 144	  47	  57	 154	 129	 128	 117	 162	 120
       2	   4	 182	 148	  49	  57	 139	 100	 102	 126	 132	  63
       2	   4	 175	 141	  45	  63	 170	 119	 114	 126	 186	 136
       2	   4	 175	 140	  45	  63	 167	  89	 107	 126	 202	 128
       2	   4	 176	 145	  45	  61	 165	 117	 118	 125	 160	 111
       2	   4	 178	 153	  47	  62	 164	 120	 111	 123	 202	 105
       2	   4	 174	 157	  48	  50	 143	 133	 125	 106	 155	 136
       2	   4	 177	 157	  51	  55	 148	 165	  72	 116	 244	 166
       2	   4	 181	 157	  52	  50	 136	 106	  95	 113	 156	 141
       2	   4	 173	 146	  44	  49	 145	 112	 114	 110	 167	 120
       2	   4	 176	 155	  47	  45	 125	 145	 138	  96	 160	  89
       2	   4	 179	 157	  50	  48	 134	  77	 121	 105	 154	 129
       2	   4	 182	 157	  52	  57	 148	 130	 130	 108	 160	 127
       2	   4	 174	 153	  49	  52	 142	 103	  99	 122	 214	 133
       2	   4	 169	 146	  44	  48	 137	  80	  88	 124	 130	 162
       2	   4	 176	 147	  46	  54	 150	 106	 146	 109	 170	 118
       2	   4	 178	 150	  47	  56	 152	 137	 119	 107	 166	 108
       2	   4	 184	 159	  54	  57	 139	 130	  72	 109	 175	 126
       2	   4	 188	 156	  56	  57	 148	 128	  82	 116	 174	 169
       2	   4	 185	 150	  54	  58	 149	 131	 103	 117	 162	 150
       2	   4	 174	 138	  43	  56	 156	 107	  93	 130	 203	 142
       2	   4	 166	 129	  34	  52	 157	 140	 110	 126	 170	 116
       2	   4	 169	 130	  35	  55	 166	 134	  92	 127	 116	 133
       3	   5	  41	 137	  65	  49	 164	 198	 102	 163	  88	 162
       3	   5	  43	 136	  65	  50	 163	 169	 119	 149	 115	 153
       3	   5	  53	 131	  63	  57	 148	 144	  85	 158	 118	 141
       3	   5	  63	 126	  61	  70	 143	 170	  67	 152	 156	 107
       3	   5	  61	 128	  62	  69	 148	 166	 119	 146	 192	 119
       3	   5	  49	 136	  64	  60	 154	 165	  74	 163	 129	 110
       3	   5	  43	 139	  67	  44	 157	 168	 119	 146	 114	 145
       3	   5	  54	 133	  61	  68	 152	 170	  95	 159	 125	 127
       3	   5	  51	 136	  63	  65	 159	 189	 107	 150	 139	 145
       3	   5	  41	 142	  66	  48	 153	 166	 122	 150	 189	 106
       3	   5	  41	 140	  66	  50	 159	 142	 113	 162	 156	 123
       3	   5	  36	 142	  67	  39	 160	 139	 115	 153	 144	 170
       3	   5	  33	 143	  65	  36	 157	 144	 141	 160	 127	 156
       3	   5	  35	 142	  64	  39	 161	 175	 142	 154	 126	 143
       3	   5	  39	 140	  63	  43	 156	 170	 119	 153	  98	 135
       3	   5	  41	 138	  63	  45	 150	 142	 168	 148	 182	 103
       3	   5	  41	 138	  66	  42	 154	 139	 147	 156	 151	 122
       3	   5	  48	 133	  64	  50	 152	 142	 142	 146	 157	 158
       3	   5	  59	 129	  58	  68	 144	 111	  87	 160	 161	 118
       3	   5	  57	 132	  59	  65	 146	 166	  97	 151	 131	 125
       3	   5	  44	 140	  61	  54	 154	 166	 123	 154	 166	  83
       3	   5	  39	 142	  65	  48	 159	 137	  92	 159	 167	 122
       3	   5	  35	 145	  67	  45	 166	 168	  96	 164	 185	 105
       3	   5	  38	 142	  65	  49	 168	 139	 122	 167	 142	 127
       3	   5	  33	 147	  67	  42	 158	 136	 120	 162	 158	 119
       3	   5	  31	 148	  68	  37	 167	 138	 145	 155	 123	 149
       3	   5	  33	 146	  68	  41	 165	 109	 114	 169	 155	 150
       3	   5	  33	 146	  69	  38	 164	 135	  98	 167	 154	 141
       3	   5	  39	 142	  69	  45	 161	 200	 124	 159	 131	 149
       3	   5	  49	 136	  65	  61	 146	 146	 113	 167	 177	 147
       3	   5	  45	 140	  66	  56	 155	 139	 145	 156	 176	 155
       3	   5	  33	 148	  68	  37	 156	 137	 143	 147	 161	  91
       3	   5	  34	 146	  67	  45	 162	 167	 154	 164	 111	 160
       3	   5	  22	 157	  60	  32	 163	 110	 190	 150	 129	 157
       3	   5	  23	 156	  63	  36	 172	 138	 120	 164	 143	 146
       3	   5	  22	 157	  64	  29	 167	 108	 163	 148	 150	 100
       3	   5	  24	 156	  63	  34	 173	 137	 144	 156	 144	 146
       3	   5	  27	 153	  64	  37	 169	 135	 120	 160	 140	 143
       3	   5	  31	 150	  65	  43	 169	 170	  98	 172	 139	 112
       3	   5	  37	 146	  65	  47	 166	 169	  96	 162	 137	 110
       3	   5	  46	 140	  64	  58	 152	 145	  90	 170	 136	 119
       3	   5	  47	 139	  64	  63	 155	 204	  70	 175	 148	 111
       3	   5	  41	 144	  65	  55	 157	 133	  98	 160	 179	 123
       3	   5	  37	 146	  67	  50	 166	 133	 129	 162	 137	 161
       3	   5	  21	 162	  62	  39	 176	 161	 123	 157	 171	 132
       3	   5	  19	 163	  62	  37	 174	 100	  73	 176	 136	 129
       3	   5	  16	 164	  63	  31	 177	 160	 129	 160	 143	  90
       3	   5	  16	 164	  63	  34	 176	 164	  99	 168	 160	 125
       3	   5	  16	 165	  62	  32	 178	 132	 124	 158	 113	 187
       3	   5	  20	 162	  62	  35	 173	 134	 149	 156	 147	 141
       3	   5	  29	 155	  60	  44	 163	  78	 115	 167	 163	 156
       3	   5	  34	 151	  59	  55	 169	 170	 125	 166	 155	 127
       3	   5	  32	 152	  60	  45	 155	 111	 144	 165	 120	 138
       3	   5	  30	 152	  61	  42	 161	 112	 145	 167	 149	 128
       3	   5	  26	 156	  63	  38	 163	 105	 173	 153	 123	 145
       3	   5	  16	 163	  61	  33	 173	 104	 152	 169	 130	 169
       3	   5	  16	 164	  63	  31	 180	 163	 130	 162	 124	 105
       3	   5	  17	 164	  62	  40	 189	 190	 109	 171	 128	 177
       3	   5	  13	 168	  65	  33	 187	 157	  82	 169	 153	 131
       3	   5	  14	 167	  63	  34	 182	 162	 181	 155	 141	 141
       3	   5	  17	 166	  63	  38	 180	 132	 102	 174	 108	 179
       3	   5	  21	 163	  64	  44	 191	 189	 113	 175	 120	 162
       3	   5	  22	 162	  62	  44	 190	 161	 106	 170	 154	 148
       3	   5	  17	 166	  64	  38	 185	 129	 104	 172	 132	 165
       3	   5	  17	 166	  64	  37	 184	  94	 104	 171	 143	 148
       3	   5	  20	 163	  64	  42	 182	 128	 133	 165	 110	 159
       3	   5	  23	 158	  60	  47	 176	 197	 181	 156	 137	 160
       3	   5	  16	 163	  59	  33	 163	 104	 122	 167	 129	 164
       3	   5	  16	 164	  59	  33	 166	  75	 141	 161	 129	 180
       3	   5	  16	 164	  61	  29	 164	  78	 116	 167	 117	 158
       3	   5	  17	 162	  61	  32	 172	 107	 144	 165	 169	 143
       3	   5	  18	 162	  61	  34	 173	 137	 150	 168	 147	 153
       3	   5	  19	 161	  61	  32	 174	 141	 121	 167	 108	 131
       3	   5	  18	 162	  62	  36	 182	 162	 130	 167	 168	 128
       3	   5	  18	 164	  63	  36	 183	 131	  77	 177	 156	 164
       3	   5	  17	 165	  62	  36	 173	 131	 132	 168	 122	 150
       3	   5	  19	 163	  62	  38	 177	 129	 134	 168	 119	 114
       3	   5	  28	 156	  60	  50	 167	 167	 105	 173	 122	 109
       3	   5	  21	 162	  61	  44	 172	 130	 129	 163	 112	 121
       3	   5	  19	 165	  62	  44	 179	 158	 130	 161	 151	 167
       3	   5	  21	 163	  62	  43	 183	 131	 101	 169	 199	 173
       3	   5	  21	 162	  62	  43	 174	 195	 131	 163	 138	 112
       3	   5	  20	 163	  61	  40	 165	 139	 119	 167	 160	 157
       3	   5	  19	 163	  61	  37	 174	 134	 154	 165	 144	 138
       3	   5	  20	 163	  61	  41	 168	 134	 148	 158	 157	 125
       3	   5	  20	 162	  60	  40	 164	 105	 148	 166	 147	 136
       3	   5	  21	 162	  61	  45	 178	 127	 106	 167	 132	 147
       3	   5	  23	 162	  61	  48	 171	 161	 132	 168	 152	 148
       3	  11	  26	 155	  62	  42	 178	 173	 125	 174	 176	  99
       3	  11	  18	 164	  64	  32	 163	  97	 120	 150	 161	 139
       3	  11	  23	 159	  63	  38	 174	 135	 127	 163	 147	 106
       3	  11	  29	 156	  59	  51	 170	 168	 149	 158	 159	 143
       3	  11	  32	 154	  61	  53	 171	 132	  99	 164	 155	 189
       3	  11	  43	 144	  58	  64	 172	 106	  92	 163	 202	 139
       3	  11	  45	 143	  59	  66	 175	 163	 129	 154	 167	 161
       3	  11	  18	 164	  65	  37	 176	 159	 132	 166	 181	 133
       3	  11	  22	 161	  60	  42	 172	  75	 118	 170	 141	 148
       3	  11	  23	 161	  61	  44	 176	 136	 154	 172	 170	 129
       3	  11	  21	 163	  60	  44	 171	  95	 150	 155	 197	 135
       3	  11	  24	 160	  61	  40	 164	 106	 146	 160	 139	 134
       3	  11	  34	 151	  59	  51	 174	 164	 180	 146	 138	 154
       3	  11	  37	 148	  58	  57	 183	 138	 102	 172	 164	 156
       3	  11	  18	 166	  64	  43	 178	 125	 136	 169	 131	 166
       3	  11	  21	 163	  65	  41	 180	 159	 130	 160	 193	 149
       3	  11	  29	 158	  63	  59	 198	 188	 119	 180	 165	 150
       3	  11	  21	 166	  62	  48	 180	 121	 108	 164	 143	 133
       3	  11	  15	 170	  63	  39	 183	 122	 104	 163	 142	 144
       3	  11	  19	 166	  63	  44	 184	 184	  87	 167	 167	 155
       3	  11	  26	 161	  60	  51	 187	 160	 111	 174	 107	 133
       3	  11	  24	 158	  58	  39	 158	  82	 164	 161	 132	 129
       3	  11	  20	 162	  62	  39	 167	 132	 152	 158	 165	 140
       3	  11	  28	 155	  62	  46	 181	 136	 130	 171	 143	 148
       3	  11	  25	 159	  57	  46	 165	 109	 146	 165	 123	 164
       3	  11	  17	 167	  61	  40	 181	 159	 139	 169	 121	 134
       3	  11	  17	 167	  62	  35	 167	  98	 124	 161	 161	 161
       3	  11	  23	 163	  60	  46	 175	 101	 128	 173	 163	 156
       3	  11	  28	 157	  62	  53	 177	 128	  81	 177	 125	 126
       3	  11	  23	 160	  63	  41	 169	  98	 154	 161	 159	 142
       3	  11	  26	 158	  62	  41	 166	 137	 123	 159	 121	 120
       3	  11	  28	 156	  58	  53	 176	 170	 181	 161	 144	 127
       3	  11	  23	 163	  60	  48	 169	 188	 158	 148	 144	 163
       3	  11	  23	 162	  60	  42	 171	  98	 129	 160	 110	 148
       3	  11	  24	 162	  61	  46	 180	 128	 157	 158	 150	 161
       3	  11	  26	 157	  60	  43	 166	 102	 125	 161	 153	  96
       3	  11	  26	 156	  59	  45	 170	 135	 123	 162	 144	  88
       3	  11	  23	 158	  62	  39	 167	 131	 126	 157	 144	 114
       3	  11	  27	 155	  62	  47	 170	 170	 126	 168	 140	  86
       3	  11	  30	 154	  59	  54	 169	 192	 154	 144	 138	 126
       3	  11	  38	 147	  62	  56	 165	 134	  46	 173	 185	 128
       3	  11	  46	 139	  62	  65	 166	 139	  96	 166	 179	 155
       4	   7	 175	 192	  63	  55	 125	  57	  95	 120	 135	 106
       4	   7	 179	 197	  68	  62	 126	 108	 116	 119	 180	 130
       4	   7	 180	 196	  70	  61	 130	 109	 171	 113	 167	 116
       4	   7	 179	 193	  68	  65	 133	 142	 168	 117	 180	  77
       4	   7	 170	 182	  62	  56	 132	 144	 161	 119	 183	  98
       4	   7	 161	 166	  55	  44	 136	 101	 139	 125	 170	 100
       4	   7	 164	 168	  60	  59	 131	  62	 138	 118	 126	 123
       4	   7	 178	 196	  67	  58	 128	 116	 132	 109	 154	 109
       4	   7	 183	 202	  72	  65	 142	 169	 148	 108	 220	 100
       4	   7	 186	 202	  77	  70	 150	 159	 111	 129	 206	 129
       4	   7	 187	 202	  78	  73	 147	  64	  80	 133	 187	 162
       4	   7	 185	 200	  77	  75	 149	 149	  97	 128	  88	 110
       4	   7	 175	 189	  67	  64	 149	 199	 151	 115	 168	 114
       4	   7	 168	 181	  64	  58	 142	 119	 126	 118	 154	 116
       4	   7	 177	 198	  63	  50	 111	  69	 144	 121	 160	 109
       4	   7	 185	 206	  73	  59	 122	 112	 115	 122	 123	  99
       4	   7	 188	 204	  77	  64	 141	 130	 113	 128	 159	 112
       4	   7	 188	 201	  75	  64	 133	 136	 156	 117	 143	  91
       4	   7	 186	 199	  74	  66	 135	  99	 128	 117	 108	  77
       4	   7	 179	 190	  69	  59	 138	 108	 146	 122	 145	 132
       4	   7	 172	 182	  67	  62	 131	 148	 154	 112	 188	 125
       4	   7	 181	 202	  68	  60	 136	 148	 140	 118	 163	 121
       4	   7	 188	 208	  76	  70	 143	 165	 159	 118	 192	  90
       4	   7	 186	 204	  75	  63	 143	 134	 160	 123	 191	 114
       4	   7	 186	 202	  74	  68	 139	 101	 104	 131	 132	 131
       4	   7	 183	 197	  72	  62	 140	 139	 125	 122	 152	 131
       4	   7	 176	 189	  66	  59	 143	 179	 139	 121	 154	 120
       4	   7	 168	 182	  65	  57	 130	  88	 125	 117	 180	 116
       4	   7	 176	 190	  65	  54	 138	 131	  97	 123	 186	 120
       4	   7	 184	 198	  74	  70	 142	 138	 150	 120	 161	 143
       4	   7	 186	 198	  75	  66	 147	 106	 127	 129	 149	 150
       4	   7	 186	 198	  74	  73	 149	 104	  76	 138	 154	 139
       4	   7	 183	 195	  73	  68	 154	 169	 129	 125	 152	 106
       4	   7	 178	 192	  69	  62	 151	 177	  87	 123	 184	 131
       4	   7	 172	 187	  67	  60	 130	 120	  73	 120	 139	 113
       4	   8	 172	 171	  56	  64	 157	 204	 104	 116	 129	 102
       4	   8	 156	 139	  36	  49	 159	 131	 119	 124	 195	 105
       4	   8	 134	 111	  33	  52	 155	 143	 136	 140	 180	 100
       4	   8	 115	 102	  41	  56	 142	 115	 148	 131	 143	 100
       4	   8	 108	 104	  42	  55	 132	  58	 109	 122	 175	  85
       4	   8	 114	 108	  39	  58	 141	 147	 171	 108	 143	 109
       4	   8	 127	 116	  34	  56	 141	  86	 140	 112	 171	 102
       4	   8	 141	 129	  33	  56	 143	  52	 150	 126	 159	 133
       4	   8	 147	 144	  39	  54	 158	  71	 120	 131	 197	  92
       4	   8	 174	 177	  60	  63	 148	 143	 104	 124	 170	 126
       4	   8	 156	 138	  41	  50	 160	 132	  98	 130	 121	 116
       4	   8	 142	 106	  37	  54	 165	 142	 111	 142	 183	 155
       4	   8	 138	  98	  40	  56	 157	 113	 105	 141	 157	 105
       4	   8	 142	 106	  34	  53	 157	 113	 126	 128	 168	 116
       4	   8	 153	 125	  33	  57	 157	 110	 107	 128	 150	  83
       4	   8	 160	 142	  36	  57	 168	 132	 149	 124	 165	 141
       4	   8	 162	 157	  42	  57	 164	  92	 110	 128	 143	 127
       4	   8	 162	 168	  49	  57	 144	 123	 138	 122	 175	 113
       4	   8	 177	 186	  65	  58	 138	  88	 124	 119	 150	  91
       4	   8	 167	 165	  52	  58	 143	 124	 115	 126	 163	 110
       4	   8	 145	 130	  40	  54	 152	 137	 172	 126	 131	 107
       4	   8	 123	 110	  38	  48	 131	  31	 174	 139	 155	 100
       4	   8	 128	 119	  36	  53	 140	 118	 202	 117	 198	 110
       4	   8	 148	 135	  34	  62	 144	  74	 106	 121	 137	  95
       4	   8	 146	 129	  29	  55	 160	 105	 167	 124	 191	 107
       4	   8	 144	 128	  30	  53	 151	  52	 155	 126	 191	 101
       4	   8	 154	 149	  42	  58	 146	 108	 144	 125	 144	 118
       4	   8	 179	 191	  68	  59	 136	 150	 104	 118	 146	 102
       4	   8	 174	 182	  64	  62	 143	 176	 104	 114	 166	 122
       4	   8	 162	 153	  53	  57	 148	 123	 134	 116	 190	 145
       4	   8	 138	 117	  40	  53	 150	 111	 164	 136	 164	 151
       4	   8	 126	 108	  39	  52	 138	  56	 146	 124	 183	  69
       4	   8	 136	 116	  38	  60	 148	 113	 149	 111	 178	 100
       4	   8	 149	 128	  37	  57	 156	 112	 132	 119	 160	 111
       4	   8	 160	 149	  45	  54	 146	 107	 117	 120	 150	 124
       4	   8	 170	 175	  57	  61	 138	  92	  85	 125	 147	 119
       4	   8	 176	 192	  62	  52	 125	 102	 140	 118	 163	 102
       4	   8	 177	 187	  62	  54	 128	  66	  82	 119	 187	 131
       4	   8	 167	 160	  52	  52	 146	 125	 108	 115	 175	 124
       4	   8	 146	 122	  37	  53	 159	 112	  91	 148	 176	 125
       4	   8	 128	 108	  36	  50	 142	  82	 154	 126	 178	  84
       4	   8	 133	 112	  36	  55	 144	  84	 175	 114	 183	 115
       4	   8	 148	 126	  38	  59	 162	 140	 170	 120	 168	 121
       4	   8	 161	 152	  46	  55	 148	 139	 123	 120	 121	 106
       4	   8	 171	 178	  57	  57	 136	 162	 116	 123	 194	  66
       5	  12	  94	 118	  49	  74	  48	 119	 134	 136	 149	 115
       5	  12	  96	 114	  51	  73	  77	 146	  97	 151	 176	  83
       5	  12	 100	 112	  47	  76	  78	 120	 138	 138	 167	  88
       5	  12	  89	 124	  47	  73	  76	 142	 141	 122	 170	 109
       5	  12	  97	 124	  48	  73	 108	 138	 119	 113	 169	 123
       5	  12	 122	 113	  45	  79	 127	 141	 118	 106	 174	 138
       5	  12	  90	 119	  52	  71	  59	 123	 161	 134	 157	 101
       5	  12	  87	 122	  50	  73	  63	 120	 139	 148	 160	  89
       5	  12	  84	 124	  51	  72	  67	 124	  82	 151	 171	 127
       5	  12	  87	 122	  47	  67	 102	 128	 149	 111	 156	 148
       5	  12	 105	 117	  44	  74	 119	 151	 127	  98	 142	  77
       5	  12	 112	 112	  45	  75	 113	 144	  97	 124	 155	 116
       5	  12	  87	 124	  51	  77	  70	 178	  98	 154	 120	  97
       5	  12	  77	 131	  53	  78	  69	 149	  90	 159	 186	  79
       5	  12	  85	 124	  52	  64	  79	 152	 135	 123	 154	  95
       5	  12	 115	 109	  47	  78	 109	 121	 114	 130	 141	 120
       5	  12	 118	 111	  49	  82	 119	 199	 130	 118	 137	 118
       5	  12	  96	 118	  51	  70	  89	 142	  98	 142	 205	  88
       5	  12	  86	 121	  52	  69	  70	 160	 188	 136	 116	 115
       5	  12	  73	 131	  53	  67	  73	 124	 136	 151	 157	 123
       5	  12	  75	 132	  50	  65	  70	  91	 126	 126	 161	 105
       5	  12	 106	 117	  43	  80	 102	 117	 118	 133	 155	 103
       5	  12	 118	 110	  45	  71	  97	  82	 143	 124	 139	  83
       5	  12	 111	 108	  47	  70	  92	 120	 138	 129	 181	 114
       5	  12	  84	 123	  58	  69	  54	 122	 106	 135	 142	 143
       5	  12	  81	 122	  52	  79	 103	 185	 143	 144	 168	 111
       5	  12	  79	 128	  52	  65	  52	 123	 128	 126	 159	 103
       5	  12	 103	 117	  46	  78	  81	 122	 142	 138	 160	  98
       5	  12	 113	 110	  47	  76	 100	 176	 120	 120	 130	 105
       5	  12	 112	 105	  47	  68	  89	 124	 135	 123	 140	 127
       5	  12	  84	 122	  54	  70	  53	 129	 105	 148	 135	 125
       5	  12	  76	 125	  57	  70	  84	 122	 115	 156	 154	 169
       5	  12	  77	 127	  55	  69	  59	  89	 105	 133	 136	  91
       5	  12	  92	 119	  49	  79	  68	  91	 138	 145	 182	  88
       5	  12	 106	 112	  49	  79	  93	 139	 118	 122	 175	 135
       5	  12	 112	 106	  48	  76	 100	 146	  93	 136	 166	 130
       5	  12	  95	 115	  52	  78	  81	 187	 117	 149	 161	  96
       5	  12	  75	 125	  55	  63	  71	  98	 132	 150	 170	 119
       5	  12	  73	 129	  55	  69	  58	 156	 134	 142	 175	 132
       5	  12	  95	 119	  47	  70	  72	 124	 139	 144	 106	 155
       5	  12	 112	 112	  43	  76	  90	  90	  53	 140	 145	 106
       5	  12	 111	 109	  46	  67	  89	  62	 103	 132	 208	 158
       5	  12	  91	 117	  54	  78	  83	 120	 113	 142	 189	 141
       5	  12	  78	 125	  57	  77	  84	 178	  99	 155	 173	  89
       5	  12	  73	 131	  55	  76	  57	 116	 119	 155	 172	 144
       5	  12	  80	 130	  53	  73	  51	 117	 146	 153	 169	 178
       5	  12	  96	 120	  49	  79	  83	 148	 122	 142	 153	  83
       5	  12	 105	 116	  51	  69	  87	 181	 145	 123	 177	  95
       5	  13	  97	 117	  51	  70	  85	 125	 141	 149	 166	 125
       5	  13	 103	 114	  48	  73	  82	 118	 117	 143	 177	 132
       5	  13	 100	 116	  48	  67	  64	 123	 115	 146	 155	  96
       5	  13	 111	 111	  48	  69	  90	 121	 144	 133	 152	 111
       5	  13	  97	 112	  52	  74	  87	 160	 115	 146	  99	 102
       5	  13	 100	 111	  52	  70	  88	 128	 141	 150	 114	 105
       5	  13	  94	 116	  53	  65	  69	 159	 141	 147	 111	 134
       5	  13	 106	 115	  50	  68	  89	  91	 108	 137	 164	 143
       5	  13	  76	 129	  56	  66	  70	 102	 129	 149	 143	  91
       5	  13	  88	 121	  54	  70	 107	 182	  98	 154	 152	 103
       5	  13	  93	 113	  56	  63	  75	 132	 163	 144	 142	 125
       5	  13	 106	 108	  51	  74	  91	 159	 137	 135	 188	 150
       5	  13	  47	 153	  55	  61	  70	 120	 111	 154	 160	  98
       5	  13	  65	 134	  56	  50	 118	 124	 155	 124	 157	  72
       5	  13	  92	 110	  56	  66	  78	 110	 122	 151	 171	  66
       5	  13	 102	 104	  55	  69	  83	 103	 103	 143	 177	 121
       5	  13	  49	 153	  56	  60	  77	 181	 139	 143	 158	 110
       5	  13	  77	 129	  55	  64	 121	 121	  85	 149	 179	 140
       5	  13	  97	 109	  56	  71	  81	 131	 162	 149	 215	 116
       5	  13	 101	 108	  56	  75	  85	 216	 169	 126	 160	  96
       5	  13	  81	 122	  52	  68	  83	 160	 134	 144	 164	 110
       5	  13	  89	 118	  53	  68	  77	  71	 126	 154	 223	  97
       5	  13	  85	 117	  60	  61	  65	 134	 160	 151	 171	 100
       5	  13	  92	 113	  58	  67	  72	 126	 163	 142	 173	  89
       5	  13	  79	 124	  56	  70	  63	 158	 160	 141	 181	  97
       5	  13	  78	 126	  57	  72	  72	 153	  93	 162	 146	  91
       5	  13	  77	 125	  61	  60	  74	 147	 147	 137	 153	 140
       5	  13	  97	 116	  53	  71	  70	  92	 132	 138	 157	  89
       6	  14	 129	 127	  20	 104	 148	 153	 166	 110	 145	 124
       6	  14	 131	 126	  23	 107	 158	 119	  70	 141	 162	 124
       6	  14	 130	 130	  27	 107	 146	 113	 102	 137	 156	  95
       6	  14	 129	 130	  24	 114	 150	 116	 101	 145	 204	 143
       6	  14	 129	 129	  18	 111	 157	 115	 125	 131	 156	 123
       6	  14	 129	 129	  12	 112	 154	 149	 146	 119	 163	 111
       6	  14	 126	 131	  14	 110	 154	 121	 148	 127	 135	  97
       6	  14	 125	 132	  16	 111	 152	 119	 118	 120	 124	 138
       6	  14	 126	 131	  13	 113	 154	 148	 123	 124	 138	 125
       6	  14	 126	 122	  20	 102	 147	 128	 130	 116	 180	 163
       6	  14	 129	 123	  22	 103	 153	  95	 107	 121	 172	 127
       6	  14	 128	 123	  23	 108	 151	 153	 123	 137	 143	 145
       6	  14	 127	 124	  23	 105	 156	 116	 124	 127	 143	 160
       6	  14	 129	 125	  20	 107	 157	 118	 122	 131	 164	 130
       6	  14	 131	 126	  16	 111	 161	  84	 144	 121	 143	 115
       6	  14	 128	 125	  18	 109	 166	  85	  93	 133	 186	 132
       6	  14	 125	 126	  19	 116	 168	 145	 102	 128	 147	 119
       6	  14	 124	 129	  17	 114	 159	 122	 137	 113	 194	 148
       6	  14	 124	 124	  19	 103	 148	 149	 175	 122	 177	 123
       6	  14	 128	 121	  18	 104	 153	  90	 143	 130	 180	  79
       6	  14	 128	 122	  20	 102	 145	  90	 140	 128	 166	 117
       6	  14	 126	 124	  20	 100	 138	  93	 163	 120	 137	  85
       6	  14	 125	 124	  22	  98	 136	  31	 108	 133	 165	 111
       6	  14	 127	 125	  18	 103	 138	  63	 159	 122	 177	 107
       6	  14	 127	 125	  16	 105	 145	  92	 140	 128	 130	 148
       6	  14	 125	 125	  17	 103	 150	  92	 137	 118	 159	  83
       6	  14	 125	 126	  19	 108	 146	  92	 135	 123	 173	  97
       6	  14	 129	 122	  16	 107	 168	 144	 130	 132	 169	 110
       6	  14	 131	 122	  16	 107	 161	  83	  99	 140	 161	 154
       6	  14	 130	 124	  18	 106	 159	 111	 130	 129	 158	 159
       6	  14	 130	 126	  18	 108	 151	 146	 130	 134	 150	 127
       6	  14	 129	 126	  19	 105	 151	 113	 155	 131	 119	 123
       6	  14	 129	 125	  19	 107	 154	  81	  75	 149	 176	 129
       6	  14	 129	 125	  17	 107	 155	 113	 129	 132	 139	 124
       6	  14	 127	 124	  19	 106	 157	 143	 131	 135	 160	 129
       6	  14	 124	 125	  21	 108	 157	 114	 128	 132	 141	 158
       6	  14	 128	 123	  10	 109	 164	 121	 116	 122	 158	 151
       6	  14	 130	 121	  11	 104	 154	  93	 166	 126	 158	 127
       6	  14	 130	 120	  14	 103	 162	 147	 153	 127	 173	 144
       6	  14	 130	 120	  15	 104	 155	 115	 125	 136	 148	 125
       6	  14	 130	 121	  15	 104	 151	  87	 125	 144	 153	 123
       6	  14	 129	 123	  17	 107	 165	 111	 136	 141	 141	 130
       6	  14	 125	 125	  17	 108	 156	 146	 155	 128	 195	 102
       6	  14	 125	 125	  19	 110	 153	 147	 133	 139	 158	  98
       6	  14	 125	 124	  21	 107	 152	 148	 152	 131	 167	 104
       6	  14	 126	 130	  10	 110	 162	  93	 108	 124	 219	 114
       6	  14	 127	 126	   9	 110	 161	 119	 117	 126	 176	  80
       6	  14	 129	 124	  10	 108	 161	  91	 116	 134	 155	  98
       6	  14	 131	 123	  12	 110	 167	 148	 123	 131	 163	 134
       6	  14	 132	 123	  12	 110	 169	 116	  73	 143	 139	 128
       6	  14	 132	 125	  13	 109	 172	 146	 129	 133	 159	 123
       6	  14	 131	 126	  13	 107	 168	 114	 128	 137	 179	 135
       6	  14	 130	 127	  13	 106	 160	 116	 180	 127	 145	 131
       6	  14	 131	 127	  15	 107	 162	  79	 130	 139	 152	 142
       6	  14	 122	 138	  10	 116	 157	 187	 142	 120	 219	 115
       6	  14	 125	 134	  11	 110	 155	  94	 161	 120	 199	 118
       6	  14	 129	 130	  11	 110	 163	 120	  96	 135	 165	 102
       6	  14	 128	 128	  10	 112	 160	 120	 146	 130	 147	 134
       6	  14	 128	 125	  11	 109	 162	  88	 117	 132	 204	 123
       6	  14	 130	 124	  13	 111	 167	 118	  92	 134	 186	  62
       6	  14	 131	 126	  12	 110	 168	 114	 101	 140	 178	 156
       6	  14	 131	 130	  14	 111	 166	 140	 112	 144	 149	 110
       6	  14	 129	 131	  16	 111	 168	 139	 138	 136	 194	 115
       6	  15	 134	 117	  13	 104	 173	 115	 123	 130	 186	 118
       6	  15	 134	 120	  12	 107	 173	 115	 127	 129	 121	 147
       6	  15	 133	 126	  11	 109	 168	 112	 127	 128	 172	 109
       6	  15	 133	 128	  12	 109	 180	 140	 135	 125	 106	 110
       6	  15	 131	 130	  11	 110	 174	 139	 108	 135	 167	 120
       6	  15	 130	 131	  12	 108	 164	 111	 127	 124	 150	 113
       6	  15	 130	 128	  14	 106	 160	 118	 172	 118	 189	 113
       6	  15	 130	 126	  17	 108	 169	 117	  99	 137	 183	 126
       6	  15	 122	 126	  15	 105	 164	 152	 117	 123	 154	 105
       6	  15	 121	 129	  17	 112	 168	 179	 123	 120	 195	  78
       6	  15	 120	 131	  17	 113	 165	 121	  87	 127	 164	 169
       6	  15	 118	 133	  18	 113	 165	 146	  96	 125	 166	  79
       6	  15	 118	 134	  15	 115	 164	 118	 120	 125	 174	 101
       6	  15	 116	 135	  19	 111	 167	 174	 131	 125	 193	 138
       6	  15	 117	 133	  19	 109	 163	 114	 122	 129	 213	 123
       6	  15	 117	 135	  19	 109	 159	 145	 126	 130	 167	 110
       6	  15	 131	 130	  11	 112	 170	 177	 128	 124	 201	 113
       6	  15	 131	 132	  11	 112	 168	 114	 122	 122	 197	 111
       6	  15	 131	 132	  10	 116	 170	 115	 126	 131	 182	  94
       6	  15	 129	 135	  11	 118	 167	 114	 103	 134	 155	 115
       6	  15	 128	 140	  10	 116	 157	 119	 120	 125	 154	  93
       6	  15	 127	 141	   9	 116	 158	 153	 119	 120	 177	 129
       6	  15	 125	 140	  10	 116	 161	 155	 142	 113	 160	 106
       6	  15	 121	 140	   9	 116	 153	 100	 130	 121	 154	  99
       6	  15	 133	 131	  12	 112	 167	 146	 126	 119	 153	 126
       6	  15	 132	 129	  12	 116	 173	 149	 103	 133	 166	 107
       6	  15	 130	 131	  12	 113	 169	 118	 118	 121	 202	 104
       6	  15	 131	 135	  12	 119	 173	 112	  99	 123	 144	 144
       6	  15	 130	 138	  13	 117	 166	 117	  94	 122	 170	 114
       6	  15	 131	 138	  13	 122	 173	 150	  72	 123	 171	  84
       6	  15	 128	 139	  14	 123	 171	 214	 121	 109	 145	 109
       6	  15	 127	 139	  14	 125	 167	 152	  93	 120	 201	 129
       6	  15	 130	 138	  10	 116	 158	 156	 143	 116	 160	  81
       6	  15	 128	 139	   8	 116	 154	  70	 102	 120	 170	 115
       6	  15	 129	 142	   8	 121	 161	 127	 139	 113	 155	 114
       6	  15	 129	 142	   8	 117	 165	 118	 146	 107	 177	 118
       6	  15	 130	 141	   9	 118	 165	  94	  90	 123	 138	 116
       6	  15	 129	 140	  11	 116	 151	  69	 132	 115	 165	 111
       6	  15	 128	 141	  10	 116	 155	 129	 164	 109	 149	 107
       6	  15	 131	 141	  11	 118	 161	 123	  88	 119	 130	  90
       7	  16	 167	 122	  43	  41	 121	 105	 114	 130	 185	 141
       7	  16	 170	 128	  43	  40	 125	 134	 119	 122	 131	 134
       7	  16	 171	 127	  43	  29	 122	 115	 107	 115	 152	 156
       7	  16	 171	 123	  41	  38	 128	 167	 121	 123	 140	 128
       7	  16	 170	 124	  43	  45	 141	 155	 104	 122	 142	 150
       7	  16	 171	 124	  40	  44	 130	  99	  93	 123	 123	 131
       7	  16	 173	 125	  38	  41	 139	 128	 128	 122	 128	 103
       7	  16	 174	 126	  38	  39	 136	 132	 151	 120	 134	 129
       7	  16	 176	 129	  42	  39	 136	  99	 121	 121	 163	 142
       7	  16	 178	 131	  44	  35	 140	 127	 126	 116	 184	 138
       7	  16	 169	 125	  46	  45	 138	 122	 101	 126	 211	 118
       7	  16	 172	 134	  44	  43	 131	 161	  92	 117	 169	 152
       7	  16	 172	 134	  43	  36	 122	 165	  94	 118	 148	 123
       7	  16	 173	 131	  43	  46	 136	 125	 102	 125	 163	 107
       7	  16	 174	 132	  44	  49	 146	 145	 117	 125	 212	 113
       7	  16	 173	 130	  40	  47	 142	 119	 136	 131	 130	  92
       7	  16	 173	 129	  40	  45	 142	 117	  83	 132	 150	 126
       7	  16	 173	 126	  39	  44	 150	 115	 113	 129	 152	 157
       7	  16	 174	 126	  38	  39	 139	 126	 130	 125	 128	 113
       7	  16	 177	 131	  41	  37	 137	 127	 122	 113	 151	 148
       7	  16	 171	 130	  42	  38	 123	 136	  91	 124	 153	 117
       7	  16	 173	 134	  43	  41	 123	 134	 116	 112	 168	 108
       7	  16	 175	 131	  45	  39	 140	 128	  97	 116	 177	 163
       7	  16	 175	 129	  46	  47	 146	 151	  84	 123	 126	 141
       7	  16	 175	 131	  44	  48	 140	 150	  85	 124	 145	  99
       7	  16	 175	 131	  43	  54	 143	 141	 120	 127	 158	 103
       7	  16	 173	 128	  41	  48	 149	 144	  94	 133	 149	  93
       7	  16	 173	 124	  40	  45	 146	 118	 133	 123	 175	 116
       7	  16	 174	 124	  40	  45	 145	 185	 111	 127	 159	 147
       7	  16	 179	 129	  42	  44	 149	 183	 132	 110	 185	 159
       7	  16	 173	 138	  44	  40	 123	 164	 147	 109	 137	  82
       7	  16	 174	 139	  47	  44	 132	 119	  79	 121	 186	 156
       7	  16	 176	 134	  45	  43	 144	 154	  80	 122	 140	 118
       7	  16	 176	 131	  44	  51	 139	 150	 113	 128	 145	 131
       7	  16	 174	 127	  42	  46	 144	  60	 130	 125	 181	 114
       7	  16	 173	 126	  41	  49	 146	 148	 137	 116	 122	 126
       7	  16	 173	 125	  40	  46	 148	 151	 139	 126	 156	 140
       7	  16	 175	 126	  38	  44	 144	 122	 135	 125	 142	 141
       7	  16	 176	 125	  39	  38	 139	 126	 101	 128	 136	 145
       7	  16	 177	 125	  36	  34	 140	  72	 113	 122	 171	 135
       7	  16	 176	 132	  47	  46	 143	 152	  85	 129	 171	 131
       7	  16	 176	 137	  47	  45	 135	 158	 105	 119	 144	 144
       7	  16	 177	 136	  47	  47	 143	 188	 137	 120	 167	 154
       7	  16	 177	 133	  47	  52	 157	 173	 121	 116	 157	 143
       7	  16	 177	 132	  47	  51	 150	 144	  65	 130	 152	 100
       7	  16	 175	 128	  44	  51	 152	 147	  88	 128	 139	 139
       7	  16	 175	 129	  43	  55	 159	 207	  97	 132	 179	 133
       7	  16	 175	 131	  42	  46	 149	 148	 136	 114	 183	 119
       7	  16	 175	 130	  38	  42	 144	 159	 124	 114	 153	 150
       7	  16	 175	 130	  34	  37	 139	 163	 118	 110	 169	 154
       7	  16	 172	 139	  43	  38	 122	 129	  93	 119	 180	 140
       7	  16	 175	 137	  44	  44	 139	  94	  77	 131	 152	 151
       7	  16	 176	 138	  45	  44	 137	 119	 134	 117	 176	  91
       7	  16	 177	 139	  45	  44	 129	  59	  76	 125	 162	 121
       7	  16	 177	 138	  45	  46	 139	 118	 139	 114	 144	 146
       7	  16	 175	 134	  41	  41	 128	 129	 149	 112	 157	 113
       7	  16	 173	 129	  38	  41	 141	 130	 150	 118	 140	 151
       7	  16	 172	 131	  40	  47	 143	 182	 109	 119	 127	 105
       7	  16	 172	 130	  39	  42	 140	 123	 128	 113	 162	 121
       7	  16	 174	 127	  34	  35	 139	 133	 121	 114	 119	 139
       7	  16	 172	 135	  45	  43	 133	 158	  95	 115	 185	 156
       7	  16	 174	 132	  44	  45	 139	 153	 106	 116	 148	 153
       7	  16	 175	 130	  44	  41	 145	 157	 123	 107	 170	 159
       7	  16	 176	 134	  47	  44	 133	 124	 105	 123	 149	 118
       7	  16	 175	 137	  46	  45	 130	 157	 103	 114	 166	 108
       7	  16	 171	 132	  42	  46	 131	 157	 154	 111	 165	 119
       7	  16	 169	 131	  40	  50	 142	 155	 104	 115	 164	 110
       7	  16	 169	 136	  41	  54	 136	 149	 161	 106	 178	 139
       7	  16	 170	 135	  41	  52	 141	 147	 114	 117	 126	 137
       7	  16	 173	 130	  38	  40	 139	 158	 127	 115	 140	 145
       7	  17	 177	 132	  45	  41	 132	 124	 132	 122	 125	 137
       7	  17	 175	 130	  44	  42	 136	 157	 107	 124	 151	  81
       7	  17	 174	 128	  45	  43	 140	 180	 163	 107	 121	 116
       7	  17	 172	 124	  42	  41	 141	  98	 124	 119	 130	 139
       7	  17	 171	 126	  46	  50	 135	 154	 129	 113	 109	 135
       7	  17	 170	 127	  46	  52	 137	 119	  59	 134	 116	 115
       7	  17	 172	 131	  45	  52	 131	  90	 100	 121	 156	  88
       7	  17	 174	 134	  45	  46	 139	  63	  74	 127	 155	 170
       7	  17	 177	 132	  46	  47	 150	 147	  65	 133	 141	 130
       7	  17	 176	 130	  46	  45	 151	 180	 119	 123	 149	 138
       7	  17	 176	 131	  47	  48	 148	 175	  95	 129	 182	 115
       7	  17	 174	 128	  45	  48	 147	 181	 113	 122	 169	 124
       7	  17	 171	 126	  47	  53	 149	 142	 118	 121	 146	 146
       7	  17	 170	 125	  49	  55	 153	 144	 118	 128	 172	 144
       7	  17	 171	 128	  46	  53	 140	 115	 134	 115	 170	 141
       7	  17	 173	 132	  47	  52	 142	 145	  92	 131	 170	  97
       7	  17	 178	 134	  45	  36	 136	 122	 113	 125	 135	 123
       7	  17	 175	 129	  43	  38	 131	 126	 155	 118	 138	 152
       7	  17	 175	 125	  42	  42	 136	 126	 132	 126	 168	  99
       7	  17	 176	 127	  44	  42	 131	 121	 132	 118	 129	 116
       7	  17	 175	 127	  43	  40	 137	  94	 155	 114	 117	 112
       7	  17	 175	 130	  46	  48	 141	 114	 144	 123	 129	 120
       7	  17	 177	 132	  47	  50	 140	 114	  89	 132	 139	 131
       7	  17	 177	 135	  47	  48	 144	 113	  40	 142	 166	 112
       7	  17	 178	 132	  44	  41	 136	 153	 133	 117	 165	 148
       7	  17	 176	 130	  46	  42	 142	 149	  83	 122	 141	 172
       7	  17	 176	 128	  46	  44	 138	 123	  79	 132	 125	 131
       7	  17	 177	 130	  47	  48	 135	 151	  85	 127	 145	 109
       7	  17	 177	 131	  47	  45	 145	 151	 110	 118	 169	  91
       7	  17	 178	 135	  49	  49	 142	 113	 116	 123	 181	 147
       7	  17	 181	 140	  51	  48	 137	 113	  93	 129	 166	 132
       7	  17	 182	 143	  51	  48	 148	 137	 125	 113	 162	 121
       7	  17	 176	 133	  38	  34	 122	 102	 118	 112	 143	 129
       7	  17	 176	 131	  40	  34	 130	 168	 145	 109	 130	 121
       7	  17	 177	 131	  45	  35	 135	 132	  71	 122	 141	  90
       7	  17	 177	 131	  46	  33	 123	 103	 114	 112	 189	 116
       7	  17	 177	 127	  45	  39	 131	  93	 157	 116	 145	 119
       7	  17	 178	 130	  46	  44	 139	  90	 137	 124	 156	 148
       7	  17	 181	 142	  51	  52	 140	 170	 124	 112	 185	  94
       7	  17	 182	 143	  54	  51	 147	 168	  80	 132	 197	 162
       8	  18	 157	 151	  45	  77	 158	 132	 153	 131	 176	 104
       8	  18	 158	 152	  46	  79	 159	  93	 101	 133	 174	  91
       8	  18	 164	 152	  43	  74	 157	 130	 125	 132	 194	  87
       8	  18	 166	 150	  40	  67	 153	 104	 146	 130	 140	  94
       8	  18	 166	 151	  40	  67	 161	 134	 124	 132	 142	  72
       8	  18	 167	 156	  45	  70	 155	 162	 100	 137	 184	 101
       8	  18	 171	 159	  47	  68	 157	 126	  82	 139	 159	 143
       8	  18	 174	 153	  51	  74	 158	 118	 110	 135	 154	 117
       8	  18	 175	 164	  52	  75	 159	 121	 118	 134	 168	 126
       8	  18	 170	 164	  51	  74	 152	 155	 120	 139	 151	  95
       8	  18	 169	 162	  48	  78	 162	 182	 120	 134	 164	  89
       8	  18	 167	 163	  46	  70	 153	 126	 136	 130	 124	 114
       8	  18	 171	 170	  50	  72	 149	 159	  84	 137	 175	 127
       8	  18	 181	 177	  61	  74	 158	 171	 105	 125	 219	 126
       8	  18	 184	 176	  61	  74	 156	 174	  80	 136	 172	 146
       8	  18	 182	 169	  61	  77	 163	 167	  80	 129	 179	 138
       8	  18	 175	 159	  47	  73	 160	 126	 132	 131	 149	 110
       8	  18	 169	 159	  47	  73	 164	  61	  85	 146	 207	 113
       8	  18	 165	 160	  45	  77	 151	 125	 139	 135	 143	  87
       8	  18	 166	 163	  43	  65	 138	 138	 178	 116	 129	 116
       8	  18	 179	 174	  55	  70	 136	 100	 157	 120	 183	  94
       8	  18	 185	 183	  65	  76	 154	 139	 142	 128	 171	 151
       8	  18	 181	 183	  62	  78	 146	 149	 127	 130	 200	 146
       8	  18	 175	 175	  55	  71	 148	  92	  91	 130	 163	 141
       8	  18	 165	 155	  47	  78	 169	 157	 134	 126	 168	 126
       8	  18	 159	 154	  45	  78	 158	 130	  98	 136	 205	  92
       8	  18	 160	 148	  42	  74	 166	 100	  68	 137	 160	 105
       8	  18	 166	 147	  40	  73	 168	 164	 102	 138	 170	  78
       8	  18	 174	 161	  52	  76	 160	 123	 112	 130	 177	  99
       8	  18	 186	 182	  73	  79	 156	 137	  91	 133	 160	  92
       8	  18	 189	 191	  77	  72	 131	 113	 139	 124	 156	  91
       8	  18	 176	 187	  68	  63	 119	 159	 144	 116	 157	 109
       8	  18	 150	 140	  39	  73	 143	 115	 132	 132	 156	  71
       8	  18	 150	 143	  41	  78	 142	 108	 137	 132	 186	 183
       8	  18	 160	 137	  40	  71	 159	 108	 117	 139	 191	  97
       8	  18	 165	 136	  36	  68	 164	 113	 114	 138	 166	 134
       8	  18	 171	 157	  51	  72	 146	 133	 131	 126	 148	 122
       8	  18	 182	 178	  72	  75	 138	  86	 155	 125	 146	 106
       8	  18	 194	 192	  84	  78	 133	 108	  70	 137	 136	 125
       8	  18	 191	 191	  76	  62	 112	  99	 121	 119	 142	 116
       8	  19	 179	 164	  55	  66	 156	 130	 165	 123	 203	 108
       8	  19	 183	 159	  58	  71	 161	 153	 148	 128	 181	  94
       8	  19	 183	 157	  59	  72	 163	 153	 147	 126	 181	 117
       8	  19	 180	 151	  58	  71	 156	 127	 110	 134	 159	 152
       8	  19	 170	 180	  63	  69	 130	 191	  67	 132	 154	 137
       8	  19	 178	 180	  68	  76	 136	 149	 128	 128	 180	 129
       8	  19	 182	 176	  66	  77	 151	 142	 136	 124	 132	 130
       8	  19	 182	 162	  63	  72	 156	 150	 126	 130	 229	 132
       8	  19	 189	 189	  77	  68	 131	 154	 105	 126	 175	 127
       8	  19	 186	 185	  74	  71	 138	 147	 112	 133	 203	 113
       8	  19	 181	 180	  69	  75	 139	 116	  76	 135	 202	  95
       8	  19	 178	 167	  62	  66	 148	 126	  88	 127	 189	 105
       8	  19	 190	 187	  77	  74	 140	 111	 110	 127	 193	 142
       8	  19	 185	 179	  70	  71	 143	 121	 130	 132	 163	 115
       8	  19	 184	 174	  66	  68	 138	  91	 149	 123	 147	  79
       8	  19	 181	 165	  57	  60	 134	 133	 129	 115	 144	  80
       8	  19	 187	 182	  75	  81	 161	 194	 129	 118	 145	  96
       8	  19	 187	 177	  72	  84	 166	 198	 122	 125	 172	 145
       8	  19	 180	 163	  62	  78	 154	 147	  99	 131	 185	 116
       8	  19	 174	 142	  51	  72	 167	 159	 108	 131	 209	 102
       9	  20	 193	 154	  64	  56	 139	 100	 138	 118	 153	 103
       9	  20	 193	 160	  66	  59	 143	 120	 125	 115	 137	 139
       9	  20	 191	 155	  63	  53	 138	 100	 140	 120	 166	 125
       9	  20	 190	 150	  62	  52	 142	 137	 104	 116	 193	 127
       9	  20	 186	 145	  61	  43	 133	 175	 100	 113	 167	 112
       9	  20	 183	 139	  57	  43	 131	 149	 113	 109	 133	 129
       9	  20	 180	 132	  55	  40	 134	 123	  78	 119	 171	 137
       9	  20	 179	 126	  53	  43	 128	 100	 123	 122	 191	 145
       9	  20	 181	 127	  55	  56	 153	 140	 146	 107	 155	  97
       9	  20	 181	 126	  54	  57	 158	 132	 153	 113	 139	 145
       9	  20	 179	 117	  47	  58	 171	 165	 123	 115	 154	  93
       9	  20	 192	 156	  64	  53	 137	 103	  82	 124	 156	  99
       9	  20	 193	 160	  66	  59	 144	 154	  73	 128	 155	 102
       9	  20	 194	 156	  66	  64	 158	 116	 134	 122	 164	 122
       9	  20	 195	 156	  68	  67	 153	 146	 103	 120	 185	 126
       9	  20	 192	 151	  67	  59	 150	  90	 100	 129	 196	 127
       9	  20	 188	 145	  59	  51	 140	 139	 126	 111	 144	 126
       9	  20	 184	 140	  56	  43	 139	 151	  89	 119	 154	 106
       9	  20	 180	 132	  53	  41	 134	 188	 102	 107	 188	 128
       9	  20	 182	 129	  53	  54	 148	 146	 114	 115	 183	  94
       9	  20	 182	 126	  51	  60	 151	 102	 120	 118	 187	  83
       9	  20	 178	 115	  43	  54	 170	 108	  64	 128	 125	 104
       9	  20	 190	 149	  60	  52	 139	 108	 132	 120	 173	 101
       9	  20	 191	 156	  63	  48	 126	 135	 135	 109	 116	 134
       9	  20	 191	 153	  62	  50	 137	 104	 107	 118	 146	 126
       9	  20	 192	 155	  64	  57	 145	 103	 109	 116	 174	 147
       9	  20	 193	 156	  69	  63	 149	 178	 134	 114	 158	  78
       9	  20	 191	 152	  64	  61	 148	  94	  94	 129	 171	 141
       9	  20	 189	 150	  62	  54	 135	 169	 131	 110	 153	 150
       9	  20	 183	 142	  57	  42	 133	 213	 143	 101	 132	 126
       9	  20	 184	 136	  55	  54	 149	 173	  95	 119	 167	 104
       9	  20	 183	 128	  53	  62	 162	 126	  74	 118	 165	 114
       9	  20	 178	 114	  44	  58	 172	 108	  67	 135	 170	 177
       9	  20	 190	 152	  62	  55	 139	 105	 107	 121	 163	 134
       9	  20	 192	 158	  63	  51	 131	 140	 104	 115	 157	 111
       9	  20	 190	 158	  63	  52	 129	 139	 108	 123	 165	 136
       9	  20	 191	 158	  63	  51	 131	 108	 106	 115	 166	  96
       9	  20	 193	 159	  66	  56	 139	 159	 149	 113	 198	 143
       9	  20	 193	 156	  64	  59	 144	 125	  90	 121	 147	 126
       9	  20	 188	 147	  61	  44	 138	 111	  76	 120	 138	 100
       9	  20	 182	 137	  54	  42	 134	 156	 112	 116	 174	 109
       9	  20	 184	 135	  53	  52	 146	 146	 120	 118	 145	 102
       9	  20	 183	 128	  51	  58	 161	 161	 133	 113	 154	 137
       9	  20	 179	 114	  46	  50	 166	 114	 140	 114	 139	 116
       9	  20	 186	 143	  58	  54	 148	 137	 108	 124	 157	  94
       9	  20	 188	 149	  61	  53	 145	 136	 133	 110	 177	 131
       9	  20	 191	 153	  67	  63	 155	 153	 101	 125	 170	 115
       9	  20	 192	 156	  69	  66	 150	 120	  80	 134	 165	 112
       9	  20	 190	 157	  69	  65	 151	 151	 107	 129	 160	 172
       9	  20	 187	 151	  63	  61	 152	 126	 117	 119	 180	 158
       9	  20	 184	 142	  57	  49	 143	  86	  87	 119	 151	 178
       9	  20	 180	 138	  54	  42	 133	 190	  53	 115	 174	 119
       9	  20	 184	 138	  56	  54	 152	 172	 123	 108	 138	 153
       9	  20	 182	 132	  55	  61	 160	 130	 106	 121	 173	 125
       9	  20	 174	 120	  51	  55	 157	 177	  93	 128	 153	 139
       9	  20	 185	 142	  58	  48	 140	 174	 125	 113	 208	 115
       9	  20	 186	 145	  58	  46	 134	 146	 122	 113	 120	 138
       9	  20	 188	 149	  61	  50	 142	 108	 107	 121	 141	 116
       9	  20	 189	 154	  62	  53	 136	 108	 106	 119	 173	 105
       9	  20	 190	 153	  64	  56	 145	 193	 146	 115	 182	 141
       9	  20	 189	 148	  63	  58	 152	 160	  64	 125	 126	 110
       9	  20	 184	 142	  57	  42	 127	 126	 107	 118	 185	 118
       9	  20	 182	 139	  57	  44	 127	 127	 105	 111	 167	 138
       9	  20	 185	 136	  58	  57	 141	 109	 174	 108	 187	 155
       9	  20	 184	 133	  58	  62	 160	 161	  83	 123	 169	 122
       9	  20	 178	 127	  54	  63	 160	 136	 100	 123	 175	 115
       9	  20	 185	 143	  59	  51	 136	 176	 124	 113	 165	 127
       9	  20	 185	 146	  60	  51	 138	 174	  98	 114	 206	 109
       9	  20	 189	 149	  62	  55	 143	 136	  78	 115	 136	 143
       9	  20	 190	 152	  63	  56	 143	 134	 109	 113	 182	  90
       9	  20	 187	 152	  63	  50	 131	 140	 105	 115	 146	 135
       9	  20	 186	 147	  62	  55	 142	 166	 136	 106	 146	 154
       9	  20	 184	 141	  58	  49	 140	 182	 144	 112	 218	 130
       9	  20	 186	 142	  61	  55	 142	 173	 101	 114	 181	 108
       9	  20	 187	 141	  62	  56	 142	 136	 158	 111	 151	 157
       9	  20	 185	 142	  60	  59	 147	  72	 128	 117	 189	 158
       9	  20	 178	 143	  57	  55	 131	 140	 177	 102	 174	 154
       9	  22	 186	 146	  58	  45	 123	  59	 131	  99	 175	 130
       9	  22	 189	 148	  63	  54	 147	 166	 164	 106	 170	 141
       9	  22	 191	 149	  63	  59	 146	 134	 115	 120	 142	 162
       9	  22	 190	 150	  65	  61	 148	 159	 145	 115	 221	 108
       9	  22	 187	 143	  64	  55	 152	 131	  91	 126	 153	 134
       9	  22	 188	 141	  63	  60	 157	 133	 110	 116	 171	 142
       9	  22	 190	 143	  66	  62	 156	 160	 122	 120	 161	 144
       9	  22	 190	 148	  65	  61	 159	 157	 152	 116	 188	 141
       9	  22	 187	 156	  66	  65	 149	 189	 119	 117	 188	 110
       9	  22	 184	 148	  61	  52	 134	  85	  41	 132	 135	 152
       9	  22	 187	 148	  63	  56	 146	 133	 141	 115	 148	 145
       9	  22	 188	 148	  62	  54	 143	 170	 158	 109	 191	 143
       9	  22	 188	 150	  65	  55	 138	 103	  83	 124	 162	 166
       9	  22	 187	 144	  63	  57	 151	 165	 141	 120	 169	  86
       9	  22	 188	 144	  65	  63	 156	 192	  95	 123	 136	 120
       9	  22	 190	 146	  65	  57	 149	 134	 118	 128	 171	 128
       9	  22	 191	 149	  64	  58	 148	 131	 147	 122	 165	 116
       9	  22	 192	 157	  64	  55	 144	 133	 140	 111	 152	 132
       9	  22	 186	 149	  63	  57	 143	 108	  99	 117	 191	 160
       9	  22	 189	 150	  65	  61	 147	 130	 114	 119	 127	 101
       9	  22	 188	 147	  62	  56	 145	 107	 105	 123	 147	 156
       9	  22	 187	 151	  66	  57	 150	 163	 112	 111	 207	 139
       9	  22	 188	 149	  67	  62	 152	 160	 116	 120	 170	 102
       9	  22	 185	 145	  64	  54	 142	 140	 100	 116	 171	 120
       9	  22	 186	 146	  67	  61	 157	 192	  93	 120	 164	 120
       9	  22	 190	 149	  67	  65	 160	 157	  95	 127	 144	 122
       9	  22	 192	 155	  68	  68	 156	 150	  73	 122	 164	 144
       9	  22	 186	 148	  60	  54	 149	 141	 127	 115	 176	 146
       9	  22	 189	 149	  63	  62	 148	 133	  88	 130	 158	 109
       9	  22	 188	 147	  62	  55	 155	 136	 112	 124	 176	 139
       9	  22	 188	 149	  62	  51	 137	  77	  74	 121	 128	 141
       9	  22	 187	 147	  64	  49	 135	  85	  97	 126	 134	 140
       9	  22	 183	 143	  62	  47	 137	 151	 145	 107	 207	 132
       9	  22	 185	 144	  64	  54	 137	 142	 125	 108	 176	 129
       9	  22	 188	 146	  63	  61	 155	 164	 143	 118	 169	 121
       9	  22	 187	 151	  61	  57	 146	 135	 108	 114	 158	 146
       9	  22	 189	 151	  65	  65	 157	 191	  39	 124	 188	 127
       9	  22	 189	 150	  65	  63	 153	 126	 145	 111	 154	 123
       9	  22	 188	 148	  64	  65	 160	 157	 121	 118	 148	 148
       9	  22	 189	 149	  66	  61	 154	 160	  91	 119	 175	 106
       9	  22	 188	 148	  67	  58	 150	 130	 109	 108	 194	  93
       9	  22	 184	 143	  64	  59	 149	 167	 109	 115	 176	 166
       9	  22	 182	 141	  62	  52	 138	 145	  95	 108	 145	 112
       9	  22	 185	 140	  63	  55	 156	 169	 160	 110	 204	 117
       9	  22	 184	 144	  59	  54	 141	 140	  94	 105	 194	 111
       9	  22	 187	 147	  61	  52	 137	 110	 149	 106	 171	 124
       9	  22	 189	 147	  63	  59	 149	 132	 111	 117	 199	 175
       9	  22	 188	 146	  61	  55	 138	 145	  98	 119	 175	 114
       9	  22	 187	 146	  63	  50	 135	 111	  95	 109	 195	 103
       9	  22	 186	 142	  65	  54	 138	 138	 135	 116	 152	 119
       9	  22	 182	 137	  61	  48	 131	 119	 117	 109	 113	 109
       9	  22	 181	 136	  60	  47	 126	 154	 134	 103	 133	 142
       9	  22	 182	 134	  58	  52	 151	 111	  99	 123	 171	 157
       9	  22	 183	 138	  56	  54	 139	 149	 140	 102	 117	 134
      10	  23	  92	 103	  69	  60	 161	 138	  96	 133	 125	 114
      10	  23	  93	 104	  69	  62	 161	 200	 119	 122	 180	  92
      10	  23	  91	 104	  69	  63	 165	 133	  98	 131	 162	 139
      10	  23	  92	 104	  70	  64	 171	 192	 108	 133	 141	 125
      10	  23	  96	 106	  69	  64	 166	 155	  54	 130	 165	  89
      10	  23	  97	 106	  68	  58	 152	 127	 130	 124	 177	 123
      10	  23	  96	 105	  70	  56	 145	 154	 164	 122	 185	 148
      10	  23	  97	 103	  69	  61	 156	 156	  84	 136	 151	  67
      10	  23	  94	 102	  65	  60	 142	 145	 116	 131	 136	 132
      10	  23	  96	 101	  65	  62	 151	 170	 173	 117	 155	  99
      10	  23	  97	 101	  65	  61	 148	 139	 144	 125	 172	 103
      10	  23	  97	 101	  66	  61	 146	 107	 123	 137	 127	 116
      10	  23	 100	 102	  64	  62	 145	 165	 128	 126	 104	 112
      10	  23	 106	 102	  64	  61	 144	 126	 104	 126	 159	 117
      10	  23	 109	 103	  64	  68	 145	 146	  91	 130	 160	  85
      10	  23	 103	 101	  63	  60	 150	 126	 111	 134	 141	  98
      10	  23	 104	 105	  64	  63	 140	 162	  98	 121	 149	  96
      10	  23	 103	 102	  64	  62	 146	 160	 108	 133	 139	 122
      10	  23	 100	 100	  67	  61	 148	 164	 102	 133	 190	  70
      10	  23	  99	 102	  68	  64	 156	 188	 135	 126	 156	 146
      10	  23	  99	 105	  65	  62	 154	 127	 126	 117	 203	 104
      10	  23	 104	 104	  64	  63	 151	 156	 132	 119	 158	  87
      10	  23	 108	 102	  65	  63	 143	 126	  79	 136	 146	 105
      10	  23	 104	 101	  66	  63	 146	 186	  88	 131	 106	  81
      10	  23	 101	 103	  65	  61	 146	 132	  73	 127	 137	 128
      10	  23	 100	  99	  65	  61	 145	 166	 155	 123	 136	  96
      10	  23	 101	 100	  65	  61	 137	 136	 123	 130	 147	 116
      10	  23	 103	 101	  63	  66	 148	 163	 103	 126	 137	 101
      10	  23	 103	 101	  61	  66	 147	 161	 107	 130	  97	 104
      10	  23	 101	 100	  63	  63	 147	 100	 125	 124	 149	 130
      10	  23	 102	  98	  65	  68	 152	 219	 110	 126	 175	 132
      10	  23	 101	  97	  64	  62	 151	 131	 101	 123	 121	 155
      10	  23	  98	 100	  67	  62	 156	 168	 121	 128	 190	 122
      10	  23	  97	 100	  66	  61	 152	 110	 114	 130	 170	 120
      10	  23	 102	 104	  64	  62	 152	 198	 132	 128	 120	 111
      10	  23	 108	 108	  62	  62	 144	 192	 104	 117	 124	 121
      10	  23	 105	 107	  61	  56	 144	 130	 127	 125	 176	 120
      10	  23	 103	 105	  62	  55	 142	 105	 145	 122	 138	 126
      10	  23	 104	 102	  62	  57	 149	 165	 150	 117	 142	 109
      10	  23	 103	  99	  62	  60	 148	 101	 121	 126	 170	 157
      10	  24	  98	 100	  69	  60	 150	 136	 122	 128	 143	 128
      10	  24	 100	 101	  68	  64	 158	 193	 105	 124	 136	 121
      10	  24	  99	 102	  67	  62	 155	 167	 100	 128	 194	 103
      10	  24	  98	 104	  68	  62	 162	 165	  99	 123	 135	 144
      10	  24	  95	 104	  68	  60	 156	 167	  94	 122	 136	 112
      10	  24	  95	 104	  67	  58	 150	 112	 112	 122	 183	  85
      10	  24	  97	 104	  68	  62	 155	 168	  94	 123	 159	 104
      10	  24	  99	 104	  67	  57	 141	  76	  88	 128	 144	 167
      10	  24	  99	  99	  68	  60	 158	 162	 102	 125	 191	  89
      10	  24	 100	 101	  65	  65	 153	 135	 118	 120	 165	  83
      10	  24	  97	 102	  67	  61	 152	 102	 121	 126	 165	 104
      10	  24	  96	 103	  67	  63	 161	 191	 106	 126	 115	 107
      10	  24	  96	 105	  69	  67	 164	 160	  80	 134	 156	 146
      10	  24	  96	 107	  67	  64	 160	 163	 124	 119	 176	 144
      10	  24	  96	 107	  68	  64	 158	 128	 100	 128	 152	 137
      10	  24	  95	 106	  70	  60	 160	 160	  79	 131	 152	 124
      10	  24	  98	  98	  67	  57	 153	 168	 120	 118	 147	 125
      10	  24	 101	 101	  65	  61	 148	 138	  93	 128	 104	 130
      10	  24	 100	 102	  65	  61	 146	 137	  94	 131	 170	 119
      10	  24	  95	 101	  65	  58	 148	 110	 115	 130	 110	 145
      10	  24	  92	 103	  68	  55	 161	 110	 110	 121	 157	 148
      10	  24	  94	 104	  67	  61	 157	 106	  86	 125	 182	 117
      10	  24	  94	 102	  68	  61	 164	 196	 128	 121	 116	 159
      10	  24	  93	 101	  69	  56	 159	 141	 119	 129	 134	 106
      10	  24	 103	 102	  65	  63	 157	 161	 104	 121	 117	 123
      10	  24	 108	 106	  62	  64	 152	 191	 104	 118	 169	 122
      10	  24	 109	 109	  60	  60	 147	 159	 127	 113	 214	 111
      10	  24	 106	 109	  62	  63	 157	 186	  84	 123	 117	 123
      10	  24	 101	 108	  64	  61	 156	 162	 104	 127	 137	 111
      10	  24	 101	 107	  64	  68	 160	 193	  78	 126	 129	 115
      10	  24	  99	 107	  68	  62	 167	 193	  80	 130	 179	 102
      10	  24	 101	 112	  68	  62	 147	 164	 102	 129	 119	 154
      11	  25	  43	 134	  67	  51	 182	 153	 156	 132	 178	  82
      11	  25	  36	 143	  61	  51	 158	  32	 110	 130	 129	  87
      11	  25	  31	 150	  61	  56	 182	 142	 132	 127	 176	 105
      11	  25	  36	 143	  67	  49	 172	 119	 153	 130	 196	  86
      11	  25	  27	 155	  51	  69	 179	 118	  98	 148	 155	  93
      11	  25	  24	 159	  58	  42	 168	 131	 125	  84	 184	 109
      11	  25	  52	 125	  59	  62	 203	 118	 124	 120	 140	 109
      11	  25	  49	 128	  62	  56	 177	  84	  87	 104	 182	 126
      11	  25	  46	 132	  63	  50	 170	  84	 110	  96	 203	 100
      11	  25	  45	 133	  59	  58	 178	 139	  93	  92	 100	  63
      11	  25	  42	 135	  59	  60	 199	 142	 105	 118	 136	 101
      11	  25	  36	 152	  59	  52	 144	 133	 110	 119	 204	 108
      11	  25	  40	 143	  61	  53	 153	  85	 124	 128	 164	  96
      11	  25	  43	 134	  67	  50	 176	 154	 126	 130	 165	 103
      11	  25	  39	 137	  63	  51	 180	 128	 171	 130	 179	 102
      11	  25	  24	 159	  56	  55	 166	 141	 122	 115	 149	 104
      11	  25	  29	 152	  59	  48	 165	 111	 121	 115	 181	 104
      11	  25	  50	 127	  61	  55	 158	  89	 111	 107	 142	 101
      11	  25	  57	 115	  63	  54	 178	  90	 143	 112	 173	 149
      11	  25	  50	 127	  58	  53	 151	  91	 133	  99	 152	 103
      11	  25	  40	 142	  52	  58	 154	 141	 143	  91	 157	 112
      11	  25	  39	 139	  54	  49	 179	  82	 115	 104	 148	 117
      11	  25	  44	 142	  61	  59	 150	 112	 157	 120	 194	  77
      11	  25	  36	 151	  62	  55	 144	 111	 124	 115	 199	 107
      11	  25	  42	 141	  67	  52	 156	 111	 102	 117	 181	  78
      11	  25	  52	 127	  65	  67	 192	 184	 138	 154	 228	  78
      11	  25	  44	 138	  66	  59	 148	 138	  74	 113	 120	 103
      11	  25	  48	 132	  63	  62	 173	  86	  96	 136	 204	 104
      11	  25	  53	 124	  67	  54	 162	 113	  89	  94	 153	  96
      11	  25	  64	 108	  67	  59	 182	 120	  93	 109	 162	 119
      11	  25	  63	 108	  68	  60	 169	 124	 115	 108	 143	 114
      11	  25	  54	 122	  65	  59	 158	 120	 118	 115	 155	 124
      11	  25	  45	 132	  58	  55	 164	 139	 149	  90	 168	 110
      11	  25	  30	 158	  58	  58	 156	 139	 140	 136	 185	  93
      11	  25	  37	 150	  58	  58	 141	  86	 175	 123	 194	  78
      11	  25	  38	 146	  62	  56	 157	 146	 107	 137	 165	 104
      11	  25	  45	 136	  64	  56	 146	 121	 150	 126	 168	 108
      11	  25	  52	 128	  62	  64	 149	 122	 125	 137	 115	  84
      11	  25	  53	 124	  64	  57	 158	  88	 144	 112	 148	  94
      11	  25	  53	 119	  65	  54	 175	  93	 108	 108	 161	 126
      11	  25	  55	 116	  67	  53	 170	 121	 108	  91	 137	 119
      11	  25	  62	 108	  67	  56	 181	  97	 110	 113	 152	 108
      11	  25	  58	 115	  67	  56	 164	 125	 107	 102	 189	 141
      11	  25	  46	 133	  54	  66	 158	 145	 119	 105	 164	 147
      11	  25	  19	 175	  59	  55	 131	 129	 105	 108	 167	  94
      11	  25	  33	 159	  59	  67	 140	 111	 135	 145	 176	  98
      11	  25	  34	 154	  65	  53	 143	  83	 130	 141	 167	 105
      11	  25	  28	 164	  54	  70	 139	 143	 105	 143	 171	  68
      11	  25	  25	 165	  49	  64	 159	 142	 139	 144	 149	 123
      11	  25	  36	 151	  55	  63	 143	 104	  95	 104	 119	 106
      11	  25	  50	 125	  60	  64	 202	 150	  79	 144	 183	  99
      11	  25	  47	 128	  61	  57	 168	 114	 112	  92	 184	  98
      11	  25	  50	 127	  64	  55	 160	 117	 136	  88	 183	 113
      11	  25	  61	 111	  69	  55	 164	  95	 134	 105	 199	 100
      11	  25	  56	 118	  61	  65	 161	  99	  87	 141	 172	  92
      11	  25	  26	 161	  58	  51	 148	  79	 131	 135	 166	  95
      11	  25	  27	 163	  55	  63	 124	 150	 163	 151	 133	  59
      11	  25	  23	 171	  55	  55	 101	 120	 153	 151	 152	  90
      11	  25	  24	 173	  44	  77	 113	 114	 131	 156	 159	  84
      11	  25	  18	 172	  48	  57	 138	 107	 134	 135	 130	 105
      11	  25	  27	 156	  53	  55	 163	 110	 125	 118	 172	  85
      11	  25	  41	 137	  59	  57	 168	 146	  92	 107	 185	 114
      11	  25	  54	 117	  66	  51	 178	  65	 139	 122	 160	 126
      11	  25	  51	 122	  60	  57	 177	 117	 105	  79	 154	 114
      11	  25	  50	 124	  62	  54	 178	 175	 142	  77	 156	 110
      11	  25	  60	 111	  71	  55	 187	 154	  98	 127	 148	  85
      11	  25	  31	 156	  61	  55	 134	 116	 128	 137	 189	 108
      11	  25	  34	 160	  54	  79	 112	 213	 163	 155	 179	  68
      11	  25	  26	 168	  56	  66	 121	 175	 144	 160	 163	  75
      11	  25	  23	 167	  53	  63	 129	 114	 153	 142	 186	 151
      11	  25	  26	 160	  56	  57	 141	  86	 114	 127	 187	 136
      11	  25	  34	 146	  53	  62	 181	 120	  98	 141	 149	 140
      11	  25	  33	 146	  57	  50	 158	  84	 112	 106	 143	  97
      11	  25	  41	 137	  60	  55	 155	 146	 148	 112	 166	 116
      11	  25	  45	 130	  52	  61	 181	  88	 137	 108	 168	 121
      11	  25	  45	 128	  59	  46	 173	  82	 137	  82	 173	  82
      11	  25	  54	 117	  60	  57	 178	 127	 144	 123	 150	  78
      11	  26	  44	 134	  61	  47	 155	 114	 107	  87	 213	 121
      11	  26	  64	 108	  65	  63	 186	 128	  86	 123	 192	 105
      11	  26	  68	 107	  71	  62	 161	 114	  63	 101	 165	 121
      11	  26	  63	 112	  64	  65	 181	 152	 120	 118	 185	  95
      11	  26	  54	 124	  67	  54	 150	 109	  34	  98	 212	  84
      11	  26	  61	 113	  66	  61	 171	 115	 119	 105	 154	 135
      11	  26	  64	 110	  69	  62	 157	 149	  92	 104	 154	 160
      11	  26	  65	 110	  73	  63	 144	 153	  90	 116	 173	 133
      11	  26	  44	 134	  63	  49	 134	 147	 106	  79	 183	 127
      11	  26	  59	 113	  67	  53	 167	 100	 137	 129	 200	 137
      11	  26	  62	 109	  68	  49	 139	  66	  97	 102	 166	 140
      11	  26	  62	 108	  67	  47	 147	  69	 131	 117	 159	 116
      11	  26	  55	 119	  60	  60	 153	 124	  89	 124	 152	 138
      11	  26	  47	 132	  59	  57	 137	 111	 108	  83	 175	 146
      11	  26	  62	 113	  68	  58	 164	  94	 122	 133	 173	 123
      11	  26	  65	 111	  68	  65	 142	 125	 113	 112	 134	 109
      11	  26	  57	 119	  67	  61	 147	  86	  56	 105	 195	  94
      11	  26	  61	 114	  71	  57	 160	 151	 144	 107	 179	 142
      11	  26	  66	 106	  69	  61	 171	 159	  39	 134	 158	 122
      11	  26	  60	 114	  71	  53	 147	 146	  91	  97	 164	 112
      11	  26	  62	 111	  70	  55	 161	  95	  90	 136	 192	 150
      11	  26	  55	 126	  64	  69	 144	 178	  72	 131	 170	 122
      11	  26	  48	 136	  58	  64	 134	 110	  70	 124	 155	 131
      11	  26	  55	 124	  60	  65	 151	  91	  66	 139	 193	 135
      11	  26	  47	 128	  59	  48	 141	  88	 157	  90	 143	 174
      11	  26	  54	 121	  64	  50	 156	 118	 113	 106	 171	 101
      11	  26	  61	 111	  64	  55	 163	  66	  78	 124	 200	 113
      11	  26	  55	 119	  65	  52	 152	 117	 115	 105	 164	 121
      11	  26	  55	 120	  62	  60	 145	  88	 132	  97	 161	 147
      11	  26	  64	 107	  74	  51	 168	 128	  98	 139	 206	 107
      11	  26	  64	 112	  66	  67	 134	 122	  82	 110	 167	 121
      11	  26	  61	 113	  73	  51	 155	 153	 124	 120	 173	  99
      11	  26	  62	 110	  68	  54	 175	 179	  99	 106	 157	 120
      11	  26	  55	 119	  64	  50	 160	 144	 113	  86	 151	 135
      11	  26	  54	 120	  63	  50	 166	  87	  85	 107	 166	 119
      11	  26	  55	 118	  68	  46	 155	 116	  85	  90	 137	  90
      11	  26	  57	 116	  59	  60	 168	 127	 136	 105	 147	 103
      11	  26	  57	 117	  70	  47	 150	 119	 110	  94	 164	 115
      11	  26	  65	 108	  64	  62	 160	  96	 104	 112	 181	 120
      11	  26	  59	 117	  62	  59	 150	 123	  90	 119	 168	 118
      11	  26	  56	 117	  71	  49	 167	 145	  67	  99	 109	 149
      11	  26	  62	 111	  64	  59	 170	 124	  65	 126	 117	 133
      11	  26	  57	 117	  70	  46	 154	  83	  81	  84	 134	 101
      11	  26	  61	 111	  66	  60	 181	 119	 125	 123	 189	 105
      11	  26	  57	 118	  68	  60	 157	 142	 123	  95	 175	 125
      11	  26	  61	 114	  67	  63	 175	 179	 120	 103	 194	 103
      11	  26	  64	 112	  68	  67	 173	 175	  73	 103	 192	 124
      11	  26	  67	 106	  75	  58	 184	 181	 126	 105	 200	 101
