 1	   1	 223	 134	 165	 130	 189	 149	 133	 136	 125	 161	  71	 158	 166	 118	 214	  59	   8	 216	 184	 203
       1	   1	 215	 138	 135	 111	 175	 170	 108	 113	 126	 182	  81	 123	 190	 115	 223	  58	   8	 208	 196	 219
       1	   1	 215	 163	 114	  93	 166	 163	 140	 129	 105	 139	  79	 138	 153	  59	 224	  58	  11	 207	 188	 217
       1	   1	 220	 186	 104	  80	 153	 179	 154	 125	 117	 161	  72	 138	 142	  78	 223	  57	  15	 198	 202	 203
       1	   1	 220	 200	  98	  68	 128	 175	 162	 105	  98	 115	  73	 159	 182	  51	 224	  51	  24	 206	 228	 191
       1	   1	 229	 134	 176	 130	 167	 161	  37	 189	 109	 159	  68	 163	 118	 138	 207	  59	  11	 211	 191	 215
       1	   1	 228	 124	 182	 137	 171	 144	  86	 170	  98	 195	  97	 169	 134	 140	 209	  54	  18	 227	 191	 220
       1	   1	 218	 103	 167	 120	 164	 157	  96	 126	 119	 196	  78	 149	 186	 133	 215	  56	  14	 224	 197	 219
       1	   1	 217	 104	 165	 118	 169	 163	 103	 150	 121	 177	  64	 146	 180	 154	 224	  56	  13	 217	 204	 210
       1	   1	 218	 126	 152	 107	 148	 168	 114	 129	  99	 165	  70	 133	 173	 108	 216	  54	  17	 221	 204	 224
       1	   1	 226	 132	 178	 134	 181	 151	  71	  83	 129	 152	  60	 162	 185	 110	 211	  54	   5	 218	 202	 200
       1	   1	 226	 131	 177	 135	 172	 140	 125	 159	  92	 138	  79	 166	 146	 127	 224	  53	   8	 210	 215	 206
       1	   1	 224	 120	 174	 131	 176	 152	 107	 152	 112	 181	  85	 163	 178	 135	 223	  54	  11	 220	 196	 199
       1	   1	 223	 114	 178	 133	 179	 149	 133	 165	 116	 214	  75	 152	 169	 134	 219	  54	   9	 210	 195	 208
       1	   1	 227	 123	 180	 141	 173	 144	  94	 162	 103	 134	  79	 161	 148	 112	 215	  55	  10	 210	 201	 201
       1	   1	 228	 143	 171	 130	 179	 145	 124	 143	 106	 154	  68	 160	  94	 126	 211	  62	   6	 197	 203	 189
       1	   1	 228	 143	 170	 134	 177	 142	 120	 117	 110	 183	  87	 159	 128	 134	 217	  55	   2	 221	 171	 219
       1	   1	 227	 136	 174	 132	 187	 148	  92	 121	 123	 175	  69	 169	 149	 117	 209	  57	  11	 211	 179	 211
       1	   1	 225	 132	 170	 129	 168	 153	  75	 147	 111	 141	  83	 160	 170	  77	 205	  57	   7	 198	 193	 212
       1	   1	 227	 132	 176	 131	 178	 147	  97	 132	 108	 166	  95	 171	 188	 141	 220	  56	  18	 230	 199	 200
       2	   3	 186	 155	  57	  61	 155	 165	  55	 141	 113	 132	  87	 173	 179	 124	 222	  59	  14	 219	 203	 203
       2	   3	 180	 150	  53	  61	 149	 156	  90	  89	 128	 170	  85	 168	 173	 118	 220	  61	  11	 220	 197	 201
       2	   3	 180	 149	  54	  60	 146	 161	 127	 138	 118	 150	  76	 176	 139	 101	 221	  61	  12	 226	 203	 238
       2	   3	 182	 151	  56	  60	 154	 164	  59	 135	 112	 136	  98	 172	 156	  95	 220	  60	  10	 231	 194	 197
       2	   3	 177	 148	  54	  58	 148	 158	 124	 140	 121	 177	  91	 169	 135	 145	 232	  60	  13	 219	 195	 189
       2	   3	 177	 153	  54	  60	 151	 158	 126	 108	 117	 144	  85	 165	 148	 141	 230	  60	   9	 231	 196	 197
       2	   3	 186	 164	  59	  61	 145	 163	 118	 147	 108	 154	  92	 165	 144	 130	 230	  59	  13	 210	 211	 195
       2	   3	 186	 167	  58	  51	 138	 166	 130	 110	 115	 142	  73	 157	 166	 133	 228	  62	  13	 213	 206	 195
       2	   3	 182	 155	  56	  61	 163	 155	 116	  98	 122	 150	  74	 164	 157	 123	 217	  64	  17	 229	 191	 201
       2	   3	 181	 151	  53	  62	 163	 158	 117	 148	 116	 155	  80	 166	 147	 152	 227	  61	  11	 214	 197	 193
       2	   3	 185	 155	  56	  68	 161	 155	 148	 126	 121	 129	  74	 169	 155	 124	 222	  60	  10	 208	 202	 185
       2	   3	 187	 158	  58	  70	 163	 156	 142	 128	 117	 140	  96	 174	 154	 101	 218	  59	   8	 214	 191	 187
       2	   3	 180	 153	  54	  63	 160	 158	  87	 115	 122	 145	  92	 165	 182	  96	 218	  62	  12	 217	 200	 204
       2	   3	 176	 152	  49	  60	 163	 156	 123	 115	 119	 134	  56	 164	 168	  88	 208	  61	  13	 213	 191	 189
       2	   3	 181	 159	  52	  60	 148	 161	 125	  87	 125	 176	  81	 170	 169	 150	 231	  60	  15	 211	 204	 191
       2	   3	 184	 163	  52	  53	 144	 173	 103	 104	 118	 149	  75	 170	 126	 122	 223	  62	  16	 219	 214	 188
       2	   3	 178	 148	  50	  54	 147	 164	 101	 131	 125	 162	  80	 171	 200	 117	 220	  59	  18	 223	 209	 185
       2	   3	 181	 148	  53	  58	 157	 167	  64	 111	 126	 170	  76	 162	 167	 114	 222	  57	   8	 228	 206	 211
       2	   3	 189	 159	  59	  66	 157	 162	 120	 122	 117	 124	  75	 163	 147	 164	 228	  58	  12	 225	 202	 200
       2	   3	 192	 162	  61	  68	 168	 159	 142	 136	 114	 129	  71	 175	 180	 115	 221	  59	  17	 234	 183	 201
       2	   3	 185	 154	  57	  69	 169	 153	 141	 135	 125	 153	  84	 175	 187	 117	 223	  60	  16	 230	 193	 216
       2	   3	 176	 146	  49	  60	 159	 155	 125	 116	 132	 157	  65	 162	 152	 142	 226	  58	   9	 205	 207	 213
       2	   3	 178	 148	  49	  63	 167	 158	 126	 109	 121	 131	  76	 162	 153	 145	 225	  60	  13	 229	 197	 189
       2	   3	 182	 155	  50	  62	 160	 158	 154	 116	 118	 169	  90	 153	 163	 138	 224	  60	  14	 232	 189	 207
       2	   3	 181	 152	  52	  56	 152	 165	  97	 106	 128	 173	  99	 166	 174	  96	 224	  62	  11	 223	 185	 190
       2	   3	 182	 153	  54	  57	 153	 166	  64	 110	 128	 148	  76	 167	 156	 157	 233	  60	  13	 220	 199	 210
       2	   3	 185	 162	  57	  59	 152	 165	 125	 113	 111	 140	  80	 166	 154	 127	 222	  61	  17	 218	 215	 196
       2	   3	 186	 165	  58	  57	 140	 172	  96	 139	 115	 150	  86	 163	 157	 134	 227	  59	  12	 224	 200	 213
       2	   3	 185	 159	  56	  60	 150	 171	  61	 140	 118	 150	  83	 171	 139	 154	 230	  61	  18	 232	 194	 216
       2	   3	 180	 150	  50	  59	 159	 159	  94	  83	 127	 152	  81	 165	 173	 112	 219	  61	  18	 236	 187	 202
       2	   3	 178	 142	  45	  54	 172	 163	  98	 109	 131	 172	  74	 162	 178	  85	 210	  61	  17	 220	 193	 198
       2	   3	 179	 144	  44	  59	 169	 161	 127	 113	 129	 172	  75	 163	 149	 141	 226	  58	  15	 226	 187	 199
       2	   3	 179	 147	  47	  64	 164	 163	  99	 133	 132	 119	  79	 168	 189	 145	 232	  61	  13	 222	 201	 201
       2	   3	 180	 150	  51	  62	 169	 156	 153	 116	 121	 154	  83	 163	 197	 126	 229	  61	  14	 227	 210	 196
       2	   3	 182	 155	  54	  61	 154	 160	 127	 112	 120	 124	  66	 159	 201	  96	 212	  63	  14	 223	 188	 202
       2	   3	 185	 158	  56	  64	 166	 157	 147	 125	 112	 135	  70	 168	 151	 115	 224	  63	  18	 219	 194	 188
       2	   3	 185	 155	  56	  61	 163	 156	 150	 124	 116	 134	  65	 167	 143	 128	 225	  60	  12	 211	 195	 191
       2	   3	 184	 153	  53	  63	 164	 156	 154	 114	 118	 135	  86	 161	 206	 127	 219	  64	  12	 215	 199	 202
       2	   3	 180	 149	  48	  64	 170	 148	 148	  94	 123	 144	  76	 169	 164	 134	 221	  59	  13	 219	 189	 200
       2	   3	 174	 140	  41	  57	 175	 156	 123	 161	 116	 153	  86	 165	 150	 129	 224	  57	  10	 229	 185	 199
       2	   3	 175	 139	  43	  54	 154	 164	 105	 150	 120	 158	  89	 168	 138	 118	 227	  64	   7	 219	 193	 204
       2	   3	 179	 145	  47	  53	 155	 165	  99	 155	 110	 148	  86	 170	 122	 138	 224	  65	  11	 207	 208	 214
       2	   3	 181	 149	  49	  54	 149	 168	  69	 151	 114	 128	  86	 167	 140	 125	 221	  62	  12	 215	 194	 213
       2	   3	 183	 151	  50	  57	 156	 163	  97	 106	 121	 145	  84	 171	 176	  95	 218	  61	  14	 223	 196	 215
       2	   3	 182	 148	  49	  56	 160	 162	  96	 110	 124	 152	  73	 162	 163	 130	 225	  62	  11	 223	 193	 202
       2	   3	 184	 153	  53	  60	 157	 160	 122	 118	 117	 145	  68	 166	 149	 129	 221	  56	  17	 231	 201	 221
       2	   3	 184	 158	  54	  60	 146	 159	  94	  81	 119	 117	  75	 169	 183	 110	 223	  58	  11	 220	 213	 204
       2	   3	 176	 147	  45	  55	 147	 162	  67	 151	 115	 141	  93	 174	 141	 138	 223	  59	  14	 228	 188	 208
       2	   3	 171	 132	  42	  64	 171	 146	 128	  50	 137	 156	  82	 168	 175	 101	 215	  61	  11	 226	 204	 207
       2	   3	 171	 132	  42	  64	 180	 147	 123	 132	 119	 120	  74	 165	 153	 109	 218	  62	   9	 220	 193	 188
       2	   3	 172	 136	  42	  58	 162	 155	 100	 124	 121	 134	  73	 160	 167	 102	 218	  61	  15	 224	 201	 202
       2	   3	 177	 142	  47	  64	 167	 151	 119	 138	 114	 140	  90	 168	 151	 120	 229	  59	  10	 229	 207	 212
       2	   3	 180	 146	  50	  59	 162	 157	 123	 138	 116	 161	  92	 170	 178	 142	 230	  57	   9	 215	 204	 197
       2	   3	 185	 153	  54	  61	 157	 159	 152	 120	 116	 175	  92	 169	 161	  95	 218	  61	  13	 210	 202	 191
       2	   3	 187	 161	  56	  62	 150	 156	 149	 119	 108	 138	  91	 160	 161	 108	 221	  62	  14	 223	 207	 195
       2	   3	 182	 155	  51	  55	 146	 161	 131	 128	 109	 126	  81	 176	 177	  99	 225	  57	  13	 225	 212	 191
       3	   5	  41	 137	  65	  49	 164	 166	 198	 102	 163	 152	  90	 158	  88	 162	 213	  55	  11	 212	 174	 209
       3	   5	  43	 136	  65	  50	 163	 169	 169	 119	 149	  98	  76	 149	 115	 153	 209	  53	  12	 213	 187	 190
       3	   5	  53	 131	  63	  57	 148	 176	 144	  85	 158	 139	  95	 160	 118	 141	 220	  56	   9	 202	 201	 198
       3	   5	  63	 126	  61	  70	 143	 169	 170	  67	 152	 123	  82	 157	 156	 107	 213	  53	  12	 217	 189	 216
       3	   5	  61	 128	  62	  69	 148	 169	 166	 119	 146	 112	  98	 160	 192	 119	 220	  55	   8	 220	 190	 218
       3	   5	  49	 136	  64	  60	 154	 166	 165	  74	 163	 140	  87	 145	 129	 110	 212	  51	  10	 207	 196	 205
       3	   5	  43	 139	  67	  44	 157	 168	 168	 119	 146	 130	  90	 161	 114	 145	 210	  52	  14	 207	 196	 188
       3	   5	  54	 133	  61	  68	 152	 173	 170	  95	 159	 130	  95	 158	 125	 127	 215	  55	  14	 215	 175	 182
       3	   5	  51	 136	  63	  65	 159	 165	 189	 107	 150	 158	 102	 149	 139	 145	 216	  55	  16	 230	 176	 203
       3	   5	  41	 142	  66	  48	 153	 166	 166	 122	 150	 135	  92	 146	 189	 106	 207	  51	  12	 219	 197	 207
       3	   5	  41	 140	  66	  50	 159	 177	 142	 113	 162	 128	 110	 164	 156	 123	 214	  54	  10	 208	 195	 192
       3	   5	  36	 142	  67	  39	 160	 170	 139	 115	 153	 122	  92	 167	 144	 170	 213	  53	  13	 219	 182	 210
       3	   5	  33	 143	  65	  36	 157	 175	 144	 141	 160	 144	 105	 164	 127	 156	 208	  58	  17	 214	 183	 192
       3	   5	  35	 142	  64	  39	 161	 170	 175	 142	 154	 106	  84	 166	 126	 143	 206	  55	  16	 218	 192	 183
       3	   5	  39	 140	  63	  43	 156	 171	 170	 119	 153	 156	 102	 165	  98	 135	 209	  55	  14	 211	 187	 197
       3	   5	  41	 138	  63	  45	 150	 174	 142	 168	 148	 121	  93	 152	 182	 103	 203	  52	  10	 208	 192	 205
       3	   5	  41	 138	  66	  42	 154	 174	 139	 147	 156	 154	 103	 159	 151	 122	 210	  55	  11	 205	 183	 203
       3	   5	  48	 133	  64	  50	 152	 176	 142	 142	 146	 115	  77	 160	 157	 158	 211	  49	  17	 215	 198	 193
       3	   5	  59	 129	  58	  68	 144	 181	 111	  87	 160	 143	  99	 161	 161	 118	 211	  53	  13	 211	 193	 197
       3	   5	  57	 132	  59	  65	 146	 171	 166	  97	 151	 170	 103	 160	 131	 125	 219	  55	  10	 211	 202	 195
       3	   5	  44	 140	  61	  54	 154	 171	 166	 123	 154	 152	  97	 152	 166	  83	 201	  53	  13	 210	 191	 193
       3	   5	  39	 142	  65	  48	 159	 171	 137	  92	 159	 142	 101	 159	 167	 122	 211	  54	  11	 212	 194	 175
       3	   5	  35	 145	  67	  45	 166	 165	 168	  96	 164	 115	  90	 162	 185	 105	 200	  54	  14	 206	 187	 177
       3	   5	  38	 142	  65	  49	 168	 176	 139	 122	 167	 123	  95	 162	 142	 127	 207	  53	   9	 209	 181	 191
       3	   5	  33	 147	  67	  42	 158	 167	 136	 120	 162	 114	 103	 155	 158	 119	 201	  54	   6	 203	 172	 206
       3	   5	  31	 148	  68	  37	 167	 171	 138	 145	 155	  88	  82	 169	 123	 149	 212	  52	  12	 219	 199	 195
       3	   5	  33	 146	  68	  41	 165	 176	 109	 114	 169	 123	 116	 172	 155	 150	 212	  53	  12	 216	 195	 195
       3	   5	  33	 146	  69	  38	 164	 170	 135	  98	 167	 174	 117	 162	 154	 141	 208	  51	  12	 221	 180	 206
       3	   5	  39	 142	  69	  45	 161	 169	 200	 124	 159	 141	 106	 165	 131	 149	 210	  49	  11	 213	 193	 203
       3	   5	  49	 136	  65	  61	 146	 177	 146	 113	 167	 105	 111	 160	 177	 147	 212	  52	   9	 208	 187	 209
       3	   5	  45	 140	  66	  56	 155	 174	 139	 145	 156	  97	 102	 169	 176	 155	 216	  49	  14	 226	 192	 215
       3	   5	  33	 148	  68	  37	 156	 169	 137	 143	 147	 118	 101	 155	 161	  91	 202	  51	  11	 227	 189	 205
       3	   5	  34	 146	  67	  45	 162	 170	 167	 154	 164	 122	  98	 168	 111	 160	 214	  54	  11	 201	 190	 175
       3	   5	  22	 157	  60	  32	 163	 179	 110	 190	 150	 133	 114	 172	 129	 157	 207	  56	  13	 218	 171	 190
       3	   5	  23	 156	  63	  36	 172	 172	 138	 120	 164	 135	 102	 174	 143	 146	 203	  56	  16	 218	 187	 197
       3	   5	  22	 157	  64	  29	 167	 175	 108	 163	 148	 107	 104	 166	 150	 100	 195	  59	  10	 202	 190	 183
       3	   5	  24	 156	  63	  34	 173	 173	 137	 144	 156	 133	 104	 169	 144	 146	 206	  56	  12	 216	 181	 198
       3	   5	  27	 153	  64	  37	 169	 170	 135	 120	 160	 141	 101	 160	 140	 143	 202	  55	  13	 213	 179	 200
       3	   5	  31	 150	  65	  43	 169	 171	 170	  98	 172	 147	  98	 164	 139	 112	 204	  49	   9	 221	 193	 203
       3	   5	  37	 146	  65	  47	 166	 170	 169	  96	 162	 134	  92	 166	 137	 110	 200	  52	  12	 207	 190	 208
       3	   5	  46	 140	  64	  58	 152	 179	 145	  90	 170	 140	 102	 163	 136	 119	 205	  51	  13	 197	 195	 185
       3	   5	  47	 139	  64	  63	 155	 172	 204	  70	 175	 145	 106	 163	 148	 111	 206	  52	  14	 215	 199	 191
       3	   5	  41	 144	  65	  55	 157	 168	 133	  98	 160	 132	  94	 153	 179	 123	 208	  49	  12	 213	 178	 197
       3	   5	  37	 146	  67	  50	 166	 168	 133	 129	 162	 102	  77	 167	 137	 161	 214	  53	  14	 210	 187	 203
       3	   5	  21	 162	  62	  39	 176	 163	 161	 123	 157	 136	 114	 167	 171	 132	 204	  54	  14	 223	 177	 196
       3	   5	  19	 163	  62	  37	 174	 165	 100	  73	 176	 129	  93	 169	 136	 129	 205	  55	  11	 219	 183	 198
       3	   5	  16	 164	  63	  31	 177	 163	 160	 129	 160	 149	 100	 167	 143	  90	 200	  56	   5	 210	 189	 191
       3	   5	  16	 164	  63	  34	 176	 161	 164	  99	 168	 128	  96	 172	 160	 125	 201	  56	  13	 221	 184	 209
       3	   5	  16	 165	  62	  32	 178	 166	 132	 124	 158	 120	  95	 167	 113	 187	 208	  57	  13	 215	 192	 199
       3	   5	  20	 162	  62	  35	 173	 168	 134	 149	 156	  91	  83	 168	 147	 141	 202	  55	  12	 208	 195	 218
       3	   5	  29	 155	  60	  44	 163	 178	  78	 115	 167	 126	 108	 171	 163	 156	 211	  50	  10	 222	 186	 199
       3	   5	  34	 151	  59	  55	 169	 174	 170	 125	 166	 126	 100	 157	 155	 127	 202	  52	  13	 214	 200	 191
       3	   5	  32	 152	  60	  45	 155	 181	 111	 144	 165	 142	 111	 163	 120	 138	 207	  53	  11	 209	 190	 198
       3	   5	  30	 152	  61	  42	 161	 180	 112	 145	 167	 130	 101	 157	 149	 128	 202	  51	  13	 222	 177	 196
       3	   5	  26	 156	  63	  38	 163	 175	 105	 173	 153	 116	  94	 159	 123	 145	 200	  54	  14	 214	 174	 187
       3	   5	  16	 163	  61	  33	 173	 173	 104	 152	 169	 137	  95	 160	 130	 169	 211	  55	  10	 216	 188	 185
       3	   5	  16	 164	  63	  31	 180	 164	 163	 130	 162	 137	  88	 170	 124	 105	 199	  56	   8	 213	 191	 210
       3	   5	  17	 164	  62	  40	 189	 161	 190	 109	 171	 151	 101	 161	 128	 177	 213	  59	  16	 229	 178	 188
       3	   5	  13	 168	  65	  33	 187	 156	 157	  82	 169	 121	  88	 167	 153	 131	 199	  57	  12	 216	 184	 193
       3	   5	  14	 167	  63	  34	 182	 165	 162	 181	 155	  91	  86	 163	 141	 141	 204	  59	  13	 219	 172	 203
       3	   5	  17	 166	  63	  38	 180	 165	 132	 102	 174	 109	  88	 165	 108	 179	 210	  58	  12	 208	 182	 205
       3	   5	  21	 163	  64	  44	 191	 161	 189	 113	 175	 120	  93	 171	 120	 162	 210	  54	   5	 215	 186	 203
       3	   5	  22	 162	  62	  44	 190	 166	 161	 106	 170	 121	  88	 168	 154	 148	 209	  55	  11	 221	 199	 205
       3	   5	  17	 166	  64	  38	 185	 166	 129	 104	 172	 115	  89	 174	 132	 165	 215	  53	  10	 230	 187	 186
       3	   5	  17	 166	  64	  37	 184	 167	  94	 104	 171	 139	 111	 168	 143	 148	 208	  58	  10	 216	 184	 197
       3	   5	  20	 163	  64	  42	 182	 168	 128	 133	 165	 116	  87	 171	 110	 159	 212	  49	  10	 219	 190	 182
       3	   5	  23	 158	  60	  47	 176	 168	 197	 181	 156	 109	  94	 163	 137	 160	 205	  54	  13	 217	 183	 196
       3	   5	  16	 163	  59	  33	 163	 173	 104	 122	 167	 170	 105	 159	 129	 164	 207	  55	  15	 214	 189	 196
       3	   5	  16	 164	  59	  33	 166	 175	  75	 141	 161	 112	  91	 160	 129	 180	 208	  57	  12	 212	 191	 197
       3	   5	  16	 164	  61	  29	 164	 175	  78	 116	 167	 120	  82	 166	 117	 158	 205	  55	  14	 217	 184	 191
       3	   5	  17	 162	  61	  32	 172	 174	 107	 144	 165	 126	 107	 164	 169	 143	 198	  58	  17	 231	 173	 221
       3	   5	  18	 162	  61	  34	 173	 169	 137	 150	 168	 104	  89	 160	 147	 153	 200	  57	  11	 212	 180	 196
       3	   5	  19	 161	  61	  32	 174	 174	 141	 121	 167	 142	  93	 170	 108	 131	 200	  54	   9	 214	 200	 207
       3	   5	  18	 162	  62	  36	 182	 167	 162	 130	 167	 151	  99	 168	 168	 128	 201	  56	   9	 212	 192	 201
       3	   5	  18	 164	  63	  36	 183	 166	 131	  77	 177	 149	  98	 164	 156	 164	 207	  57	  12	 227	 192	 194
       3	   5	  17	 165	  62	  36	 173	 168	 131	 132	 168	 136	  84	 165	 122	 150	 201	  55	  15	 233	 170	 209
       3	   5	  19	 163	  62	  38	 177	 169	 129	 134	 168	 138	  87	 164	 119	 114	 199	  52	   8	 228	 185	 204
       3	   5	  28	 156	  60	  50	 167	 168	 167	 105	 173	 123	  75	 160	 122	 109	 202	  54	   9	 207	 188	 196
       3	   5	  21	 162	  61	  44	 172	 165	 130	 129	 163	 109	  90	 163	 112	 121	 203	  58	  10	 192	 200	 197
       3	   5	  19	 165	  62	  44	 179	 161	 158	 130	 161	 109	  98	 165	 151	 167	 208	  55	  13	 217	 186	 171
       3	   5	  21	 163	  62	  43	 183	 165	 131	 101	 169	 126	 102	 166	 199	 173	 210	  54	  10	 209	 186	 182
       3	   5	  21	 162	  62	  43	 174	 164	 195	 131	 163	 132	  95	 168	 138	 112	 203	  58	  11	 213	 179	 200
       3	   5	  20	 163	  61	  40	 165	 170	 139	 119	 167	 126	 111	 166	 160	 157	 211	  56	  12	 211	 191	 185
       3	   5	  19	 163	  61	  37	 174	 170	 134	 154	 165	 121	  96	 164	 144	 138	 204	  59	  14	 218	 181	 184
       3	   5	  20	 163	  61	  41	 168	 167	 134	 148	 158	  96	 101	 169	 157	 125	 204	  59	  13	 218	 193	 198
       3	   5	  20	 162	  60	  40	 164	 172	 105	 148	 166	 115	  96	 173	 147	 136	 209	  54	  12	 217	 176	 192
       3	   5	  21	 162	  61	  45	 178	 163	 127	 106	 167	 117	  87	 163	 132	 147	 208	  52	   8	 222	 191	 199
       3	   5	  23	 162	  61	  48	 171	 162	 161	 132	 168	 112	  93	 168	 152	 148	 207	  55	  10	 213	 168	 191
       4	   8	 172	 171	  56	  64	 157	 142	 204	 104	 116	 145	  92	 175	 129	 102	 239	  61	  18	 208	 194	 196
       4	   8	 156	 139	  36	  49	 159	 140	 131	 119	 124	 150	  95	 169	 195	 105	 233	  60	  13	 216	 203	 209
       4	   8	 134	 111	  33	  52	 155	 131	 143	 136	 140	 157	  69	 159	 180	 100	 229	  62	  13	 213	 213	 193
       4	   8	 115	 102	  41	  56	 142	 128	 115	 148	 131	 145	  61	 147	 143	 100	 223	  66	  14	 238	 227	 191
       4	   8	 108	 104	  42	  55	 132	 134	  58	 109	 122	 172	  70	 150	 175	  85	 216	  65	  21	 247	 224	 202
       4	   8	 114	 108	  39	  58	 141	 134	 147	 171	 108	 178	  73	 142	 143	 109	 225	  63	  13	 228	 222	 180
       4	   8	 127	 116	  34	  56	 141	 145	  86	 140	 112	 172	  82	 144	 171	 102	 230	  61	  10	 233	 220	 183
       4	   8	 141	 129	  33	  56	 143	 153	  52	 150	 126	 137	  86	 160	 159	 133	 232	  64	  17	 221	 213	 200
       4	   8	 147	 144	  39	  54	 158	 148	  71	 120	 131	 124	  68	 157	 197	  92	 224	  62	  14	 226	 215	 219
       4	   8	 174	 177	  60	  63	 148	 150	 143	 104	 124	 144	  93	 169	 170	 126	 243	  58	  14	 225	 193	 209
       4	   8	 156	 138	  41	  50	 160	 144	 132	  98	 130	 173	  93	 172	 121	 116	 241	  60	  16	 220	 209	 189
       4	   8	 142	 106	  37	  54	 165	 133	 142	 111	 142	 157	  76	 150	 183	 155	 237	  57	  17	 235	 210	 207
       4	   8	 138	  98	  40	  56	 157	 131	 113	 105	 141	 138	  65	 151	 157	 105	 227	  61	  15	 216	 216	 204
       4	   8	 142	 106	  34	  53	 157	 139	 113	 126	 128	 177	  93	 139	 168	 116	 234	  60	  16	 224	 205	 188
       4	   8	 153	 125	  33	  57	 157	 146	 110	 107	 128	 148	  95	 154	 150	  83	 230	  60	  17	 227	 195	 207
       4	   8	 160	 142	  36	  57	 168	 150	 132	 149	 124	 129	  92	 155	 165	 141	 240	  59	  12	 209	 209	 193
       4	   8	 162	 157	  42	  57	 164	 150	  92	 110	 128	 136	  81	 151	 143	 127	 234	  58	  12	 211	 203	 197
       4	   8	 162	 168	  49	  57	 144	 152	 123	 138	 122	 153	  96	 147	 175	 113	 235	  61	  14	 212	 201	 204
       4	   8	 177	 186	  65	  58	 138	 168	  88	 124	 119	 135	  94	 166	 150	  91	 233	  62	  12	 220	 200	 203
       4	   8	 167	 165	  52	  58	 143	 151	 124	 115	 126	 125	  85	 162	 163	 110	 239	  62	  12	 227	 196	 212
       4	   8	 145	 130	  40	  54	 152	 147	 137	 172	 126	 177	  94	 173	 131	 107	 243	  61	  10	 210	 221	 191
       4	   8	 123	 110	  38	  48	 131	 150	  31	 174	 139	 172	  68	 148	 155	 100	 228	  65	  18	 230	 222	 201
       4	   8	 128	 119	  36	  53	 140	 145	 118	 202	 117	 160	  78	 135	 198	 110	 223	  66	  12	 221	 215	 199
       4	   8	 148	 135	  34	  62	 144	 144	  74	 106	 121	 130	  96	 167	 137	  95	 236	  61	  15	 232	 214	 201
       4	   8	 146	 129	  29	  55	 160	 145	 105	 167	 124	 157	  89	 164	 191	 107	 236	  58	   9	 213	 221	 204
       4	   8	 144	 128	  30	  53	 151	 155	  52	 155	 126	 151	  76	 142	 191	 101	 228	  64	  12	 225	 212	 202
       4	   8	 154	 149	  42	  58	 146	 157	 108	 144	 125	 121	  70	 152	 144	 118	 229	  64	  10	 213	 208	 202
       4	   8	 179	 191	  68	  59	 136	 162	 150	 104	 118	 137	  81	 157	 146	 102	 235	  63	  15	 208	 217	 179
       4	   8	 174	 182	  64	  62	 143	 149	 176	 104	 114	 144	  96	 157	 166	 122	 235	  63	  18	 211	 212	 196
       4	   8	 162	 153	  53	  57	 148	 142	 123	 134	 116	 109	  95	 168	 190	 145	 238	  58	  20	 220	 217	 179
       4	   8	 138	 117	  40	  53	 150	 140	 111	 164	 136	 151	  81	 150	 164	 151	 242	  64	  12	 202	 231	 192
       4	   8	 126	 108	  39	  52	 138	 141	  56	 146	 124	 176	  78	 137	 183	  69	 221	  63	  10	 226	 215	 192
       4	   8	 136	 116	  38	  60	 148	 141	 113	 149	 111	 153	  99	 147	 178	 100	 230	  63	  15	 231	 214	 179
       4	   8	 149	 128	  37	  57	 156	 149	 112	 132	 119	 138	  81	 156	 160	 111	 232	  61	  12	 219	 208	 202
       4	   8	 160	 149	  45	  54	 146	 156	 107	 117	 120	 140	  79	 147	 150	 124	 235	  62	  13	 218	 204	 197
       4	   8	 170	 175	  57	  61	 138	 159	  92	  85	 125	 141	  96	 145	 147	 119	 234	  63	  12	 209	 207	 203
       4	   8	 176	 192	  62	  52	 125	 177	 102	 140	 118	 106	  62	 164	 163	 102	 235	  60	  11	 220	 202	 215
       4	   8	 177	 187	  62	  54	 128	 168	  66	  82	 119	 112	  83	 159	 187	 131	 240	  61	  14	 229	 215	 193
       4	   8	 167	 160	  52	  52	 146	 148	 125	 108	 115	 129	  79	 170	 175	 124	 233	  59	  14	 220	 217	 207
       4	   8	 146	 122	  37	  53	 159	 145	 112	  91	 148	 176	  70	 160	 176	 125	 233	  60	  16	 230	 217	 211
       4	   8	 128	 108	  36	  50	 142	 137	  82	 154	 126	 184	  76	 137	 178	  84	 224	  59	  13	 236	 209	 190
       4	   8	 133	 112	  36	  55	 144	 142	  84	 175	 114	 154	  86	 142	 183	 115	 225	  63	  15	 224	 216	 203
       4	   8	 148	 126	  38	  59	 162	 148	 140	 170	 120	 150	  74	 147	 168	 121	 231	  59	   9	 227	 217	 203
       4	   8	 161	 152	  46	  55	 148	 157	 139	 123	 120	 128	  73	 145	 121	 106	 228	  67	  16	 218	 217	 206
       4	   8	 171	 178	  57	  57	 136	 162	 162	 116	 123	 140	  76	 153	 194	  66	 227	  59	  11	 236	 212	 201
       5	  12	  94	 118	  49	  74	  48	 139	 119	 134	 136	 146	  85	 160	 149	 115	 235	  66	  18	 209	 206	 181
       5	  12	  96	 114	  51	  73	  77	 138	 146	  97	 151	 157	  65	 173	 176	  83	 225	  64	  12	 218	 197	 202
       5	  12	 100	 112	  47	  76	  78	 146	 120	 138	 138	 117	  76	 161	 167	  88	 230	  63	  15	 235	 206	 195
       5	  12	  89	 124	  47	  73	  76	 139	 142	 141	 122	 159	  81	 146	 170	 109	 228	  59	  11	 218	 197	 199
       5	  12	  97	 124	  48	  73	 108	 142	 138	 119	 113	 121	  68	 169	 169	 123	 225	  58	  11	 226	 194	 186
       5	  12	 122	 113	  45	  79	 127	 154	 141	 118	 106	 109	  69	 174	 174	 138	 222	  62	  14	 212	 206	 193
       5	  12	  90	 119	  52	  71	  59	 147	 123	 161	 134	 144	  85	 159	 157	 101	 234	  64	  12	 211	 207	 189
       5	  12	  87	 122	  50	  73	  63	 146	 120	 139	 148	 170	  85	 169	 160	  89	 233	  64	  12	 213	 206	 204
       5	  12	  84	 124	  51	  72	  67	 146	 124	  82	 151	 167	  89	 162	 171	 127	 227	  61	  17	 224	 191	 202
       5	  12	  87	 122	  47	  67	 102	 164	 128	 149	 111	 159	  88	 167	 156	 148	 235	  57	  12	 237	 201	 200
       5	  12	 105	 117	  44	  74	 119	 161	 151	 127	  98	 137	  91	 175	 142	  77	 217	  64	  12	 224	 214	 183
       5	  12	 112	 112	  45	  75	 113	 153	 144	  97	 124	 171	  65	 161	 155	 116	 218	  59	  14	 215	 201	 210
       5	  12	  87	 124	  51	  77	  70	 139	 178	  98	 154	 185	  80	 157	 120	  97	 235	  60	  10	 223	 187	 210
       5	  12	  77	 131	  53	  78	  69	 135	 149	  90	 159	 132	  84	 164	 186	  79	 224	  64	  11	 214	 188	 195
       5	  12	  85	 124	  52	  64	  79	 142	 152	 135	 123	 124	  67	 168	 154	  95	 221	  63	  13	 220	 190	 201
       5	  12	 115	 109	  47	  78	 109	 161	 121	 114	 130	 140	  86	 172	 141	 120	 227	  60	  15	 234	 192	 196
       5	  12	 118	 111	  49	  82	 119	 145	 199	 130	 118	 141	  90	 174	 137	 118	 231	  62	  15	 224	 204	 198
       5	  12	  96	 118	  51	  70	  89	 141	 142	  98	 142	 188	  89	 151	 205	  88	 219	  60	   8	 202	 176	 201
       5	  12	  86	 121	  52	  69	  70	 153	 160	 188	 136	 141	  82	 174	 116	 115	 235	  60	  10	 216	 208	 203
       5	  12	  73	 131	  53	  67	  73	 147	 124	 136	 151	 142	  85	 160	 157	 123	 230	  62	  12	 222	 191	 197
       5	  12	  75	 132	  50	  65	  70	 149	  91	 126	 126	 158	  87	 166	 161	 105	 227	  62	  15	 211	 195	 207
       5	  12	 106	 117	  43	  80	 102	 155	 117	 118	 133	 133	  71	 176	 155	 103	 224	  62	  17	 228	 216	 211
       5	  12	 118	 110	  45	  71	  97	 155	  82	 143	 124	 136	  93	 176	 139	  83	 219	  61	  10	 211	 207	 189
       5	  12	 111	 108	  47	  70	  92	 153	 120	 138	 129	 136	  85	 165	 181	 114	 227	  65	  16	 222	 193	 190
       5	  12	  84	 123	  58	  69	  54	 137	 122	 106	 135	 126	  82	 166	 142	 143	 236	  63	  18	 203	 203	 197
       5	  12	  81	 122	  52	  79	 103	 152	 185	 143	 144	 151	  88	 157	 168	 111	 230	  63	  13	 223	 207	 215
       5	  12	  79	 128	  52	  65	  52	 140	 123	 128	 126	 142	  80	 162	 159	 103	 230	  57	  17	 227	 195	 213
       5	  12	 103	 117	  46	  78	  81	 150	 122	 142	 138	 105	  69	 175	 160	  98	 229	  57	  14	 225	 212	 192
       5	  12	 113	 110	  47	  76	 100	 145	 176	 120	 120	 144	  90	 179	 130	 105	 227	  58	  12	 226	 208	 188
       5	  12	 112	 105	  47	  68	  89	 153	 124	 135	 123	 125	  67	 158	 140	 127	 218	  59	  18	 222	 199	 205
       5	  12	  84	 122	  54	  70	  53	 147	 129	 105	 148	 160	  83	 156	 135	 125	 234	  62	  17	 215	 200	 193
       5	  12	  76	 125	  57	  70	  84	 147	 122	 115	 156	 150	  77	 163	 154	 169	 236	  68	  17	 215	 198	 198
       5	  12	  77	 127	  55	  69	  59	 140	  89	 105	 133	 114	  65	 160	 136	  91	 222	  67	  14	 206	 199	 195
       5	  12	  92	 119	  49	  79	  68	 146	  91	 138	 145	 101	  63	 172	 182	  88	 226	  62	  11	 228	 195	 208
       5	  12	 106	 112	  49	  79	  93	 136	 139	 118	 122	 121	  93	 168	 175	 135	 229	  62	  16	 228	 204	 201
       5	  12	 112	 106	  48	  76	 100	 146	 146	  93	 136	 158	  93	 168	 166	 130	 230	  59	  11	 207	 195	 201
       5	  12	  95	 115	  52	  78	  81	 146	 187	 117	 149	 154	  89	 171	 161	  96	 232	  64	  14	 230	 202	 198
       5	  12	  75	 125	  55	  63	  71	 152	  98	 132	 150	 158	  85	 168	 170	 119	 232	  58	  13	 232	 186	 199
       5	  12	  73	 129	  55	  69	  58	 139	 156	 134	 142	 154	  95	 161	 175	 132	 232	  60	  13	 208	 197	 184
       5	  12	  95	 119	  47	  70	  72	 150	 124	 139	 144	 138	  68	 177	 106	 155	 237	  61	  15	 237	 201	 204
       5	  12	 112	 112	  43	  76	  90	 153	  90	  53	 140	 150	  94	 178	 145	 106	 222	  63	  15	 215	 216	 203
       5	  12	 111	 109	  46	  67	  89	 156	  62	 103	 132	 131	  85	 162	 208	 158	 222	  57	  12	 209	 207	 201
       5	  12	  91	 117	  54	  78	  83	 145	 120	 113	 142	 136	  81	 153	 189	 141	 232	  61	  11	 196	 213	 188
       5	  12	  78	 125	  57	  77	  84	 134	 178	  99	 155	 140	  63	 169	 173	  89	 230	  61	  10	 232	 188	 215
       5	  12	  73	 131	  55	  76	  57	 135	 116	 119	 155	 151	  85	 153	 172	 144	 237	  64	  13	 218	 190	 202
       5	  12	  80	 130	  53	  73	  51	 137	 117	 146	 153	 161	  93	 171	 169	 178	 245	  62	  17	 228	 205	 216
       5	  12	  96	 120	  49	  79	  83	 143	 148	 122	 142	 143	  83	 177	 153	  83	 225	  61	  14	 227	 201	 206
       5	  12	 105	 116	  51	  69	  87	 144	 181	 145	 123	 147	  84	 163	 177	  95	 219	  59	  10	 208	 205	 207
       6	  14	 129	 127	  20	 104	 148	 158	 153	 166	 110	 135	  82	 176	 145	 124	 225	  61	  18	 221	 186	 220
       6	  14	 131	 126	  23	 107	 158	 155	 119	  70	 141	 137	  69	 178	 162	 124	 228	  62	  16	 204	 203	 204
       6	  14	 130	 130	  27	 107	 146	 153	 113	 102	 137	 151	  82	 176	 156	  95	 220	  61	  16	 194	 203	 209
       6	  14	 129	 130	  24	 114	 150	 154	 116	 101	 145	 133	  77	 179	 204	 143	 231	  61	  19	 200	 199	 198
       6	  14	 129	 129	  18	 111	 157	 157	 115	 125	 131	 158	  92	 172	 156	 123	 230	  60	  13	 209	 194	 201
       6	  14	 129	 129	  12	 112	 154	 156	 149	 146	 119	 139	  83	 172	 163	 111	 228	  58	  18	 215	 188	 226
       6	  14	 126	 131	  14	 110	 154	 162	 121	 148	 127	 134	  61	 177	 135	  97	 227	  60	  14	 216	 190	 210
       6	  14	 125	 132	  16	 111	 152	 161	 119	 118	 120	 166	  77	 179	 124	 138	 230	  59	  18	 205	 197	 201
       6	  14	 126	 131	  13	 113	 154	 158	 148	 123	 124	 179	  90	 163	 138	 125	 224	  58	  22	 229	 184	 229
       6	  14	 126	 122	  20	 102	 147	 162	 128	 130	 116	 158	  94	 173	 180	 163	 237	  61	  17	 210	 193	 213
       6	  14	 129	 123	  22	 103	 153	 161	  95	 107	 121	 133	  83	 174	 172	 127	 224	  64	  14	 199	 208	 203
       6	  14	 128	 123	  23	 108	 151	 156	 153	 123	 137	 158	  85	 179	 143	 145	 231	  59	  16	 202	 193	 204
       6	  14	 127	 124	  23	 105	 156	 154	 116	 124	 127	 148	  75	 173	 143	 160	 238	  61	  19	 225	 196	 225
       6	  14	 129	 125	  20	 107	 157	 157	 118	 122	 131	 154	  88	 174	 164	 130	 238	  61	  11	 205	 204	 207
       6	  14	 131	 126	  16	 111	 161	 155	  84	 144	 121	  87	  65	 174	 143	 115	 230	  56	  11	 197	 200	 210
       6	  14	 128	 125	  18	 109	 166	 155	  85	  93	 133	 127	  75	 176	 186	 132	 227	  57	  16	 207	 192	 206
       6	  14	 125	 126	  19	 116	 168	 152	 145	 102	 128	 143	  63	 162	 147	 119	 229	  63	  12	 212	 188	 220
       6	  14	 124	 129	  17	 114	 159	 160	 122	 137	 113	 132	  86	 175	 194	 148	 236	  60	  14	 217	 188	 230
       6	  14	 124	 124	  19	 103	 148	 149	 149	 175	 122	 137	  83	 176	 177	 123	 231	  59	  14	 210	 199	 230
       6	  14	 128	 121	  18	 104	 153	 158	  90	 143	 130	 137	  83	 175	 180	  79	 221	  61	  14	 206	 203	 220
       6	  14	 128	 122	  20	 102	 145	 159	  90	 140	 128	 157	 103	 177	 166	 117	 231	  63	  14	 205	 192	 215
       6	  14	 126	 124	  20	 100	 138	 161	  93	 163	 120	 144	  86	 177	 137	  85	 223	  62	  14	 213	 189	 213
       6	  14	 125	 124	  22	  98	 136	 162	  31	 108	 133	 146	  81	 175	 165	 111	 227	  62	  18	 214	 182	 203
       6	  14	 127	 125	  18	 103	 138	 163	  63	 159	 122	 135	  96	 173	 177	 107	 228	  64	  17	 211	 192	 217
       6	  14	 127	 125	  16	 105	 145	 162	  92	 140	 128	 163	  91	 177	 130	 148	 237	  59	  12	 209	 180	 219
       6	  14	 125	 125	  17	 103	 150	 162	  92	 137	 118	 152	  86	 174	 159	  83	 223	  62	  11	 208	 195	 216
       6	  14	 125	 126	  19	 108	 146	 163	  92	 135	 123	 157	 101	 179	 173	  97	 229	  62	   8	 200	 195	 207
       6	  14	 129	 122	  16	 107	 168	 146	 144	 130	 132	 122	  64	 161	 169	 110	 226	  59	  15	 212	 202	 200
       6	  14	 131	 122	  16	 107	 161	 149	  83	  99	 140	 128	  74	 170	 161	 154	 237	  56	  17	 220	 198	 218
       6	  14	 130	 124	  18	 106	 159	 146	 111	 130	 129	 133	  76	 173	 158	 159	 242	  54	  17	 216	 213	 207
       6	  14	 130	 126	  18	 108	 151	 150	 146	 130	 134	 175	  99	 172	 150	 127	 232	  62	  19	 215	 207	 222
       6	  14	 129	 126	  19	 105	 151	 152	 113	 155	 131	 147	  79	 180	 119	 123	 231	  59	  17	 209	 200	 214
       6	  14	 129	 125	  19	 107	 154	 148	  81	  75	 149	 162	  89	 166	 176	 129	 229	  60	  17	 200	 186	 205
       6	  14	 129	 125	  17	 107	 155	 146	 113	 129	 132	 130	  74	 170	 139	 124	 232	  59	  16	 199	 199	 222
       6	  14	 127	 124	  19	 106	 157	 144	 143	 131	 135	 146	  83	 173	 160	 129	 234	  61	  15	 199	 195	 213
       6	  14	 124	 125	  21	 108	 157	 152	 114	 128	 132	 147	  75	 174	 141	 158	 239	  57	  17	 221	 184	 210
       6	  14	 128	 123	  10	 109	 164	 155	 121	 116	 122	 129	  65	 173	 158	 151	 233	  57	  14	 205	 207	 213
       6	  14	 130	 121	  11	 104	 154	 160	  93	 166	 126	 127	  84	 174	 158	 127	 229	  60	  16	 207	 200	 216
       6	  14	 130	 120	  14	 103	 162	 150	 147	 153	 127	 164	  85	 173	 173	 144	 231	  59	  18	 200	 211	 201
       6	  14	 130	 120	  15	 104	 155	 152	 115	 125	 136	 177	  90	 167	 148	 125	 231	  59	  15	 210	 197	 224
       6	  14	 130	 121	  15	 104	 151	 154	  87	 125	 144	 159	  81	 178	 153	 123	 227	  58	  18	 201	 208	 221
       6	  14	 129	 123	  17	 107	 165	 151	 111	 136	 141	 153	  76	 172	 141	 130	 226	  59	  20	 218	 199	 223
       6	  14	 125	 125	  17	 108	 156	 148	 146	 155	 128	 134	  73	 157	 195	 102	 221	  61	  19	 223	 201	 237
       6	  14	 125	 125	  19	 110	 153	 148	 147	 133	 139	 143	  61	 176	 158	  98	 227	  60	  14	 210	 191	 227
       6	  14	 125	 124	  21	 107	 152	 149	 148	 152	 131	 139	  87	 178	 167	 104	 232	  62	  13	 203	 203	 218
       6	  14	 126	 130	  10	 110	 162	 160	  93	 108	 124	 134	  87	 176	 219	 114	 231	  58	  17	 220	 218	 210
       6	  14	 127	 126	   9	 110	 161	 157	 119	 117	 126	 161	  84	 169	 176	  80	 222	  61	  16	 206	 199	 217
       6	  14	 129	 124	  10	 108	 161	 159	  91	 116	 134	 139	  77	 176	 155	  98	 227	  60	  16	 213	 197	 213
       6	  14	 131	 123	  12	 110	 167	 151	 148	 123	 131	 145	  82	 171	 163	 134	 231	  57	  14	 195	 201	 202
       6	  14	 132	 123	  12	 110	 169	 152	 116	  73	 143	 153	  74	 166	 139	 128	 230	  60	  17	 195	 195	 198
       6	  14	 132	 125	  13	 109	 172	 153	 146	 129	 133	 148	  84	 174	 159	 123	 232	  60	  19	 212	 193	 217
       6	  14	 131	 126	  13	 107	 168	 153	 114	 128	 137	 143	  87	 174	 179	 135	 225	  63	  25	 213	 179	 221
       6	  14	 130	 127	  13	 106	 160	 156	 116	 180	 127	 126	  76	 172	 145	 131	 229	  59	  22	 213	 193	 219
       6	  14	 131	 127	  15	 107	 162	 154	  79	 130	 139	 160	  92	 175	 152	 142	 235	  56	  17	 215	 194	 221
       6	  14	 122	 138	  10	 116	 157	 161	 187	 142	 120	 171	 101	 177	 219	 115	 236	  62	  13	 190	 204	 200
       6	  14	 125	 134	  11	 110	 155	 168	  94	 161	 120	 145	  94	 177	 199	 118	 232	  60	  13	 208	 195	 212
       6	  14	 129	 130	  11	 110	 163	 160	 120	  96	 135	 167	  83	 166	 165	 102	 221	  59	  13	 210	 196	 219
       6	  14	 128	 128	  10	 112	 160	 159	 120	 146	 130	 138	  84	 176	 147	 134	 230	  58	  14	 198	 200	 208
       6	  14	 128	 125	  11	 109	 162	 159	  88	 117	 132	 160	  83	 171	 204	 123	 231	  59	  16	 211	 200	 212
       6	  14	 130	 124	  13	 111	 167	 154	 118	  92	 134	 144	  89	 177	 186	  62	 222	  62	  11	 203	 209	 213
       6	  14	 131	 126	  12	 110	 168	 155	 114	 101	 140	 182	  96	 159	 178	 156	 233	  62	  20	 210	 198	 202
       6	  14	 131	 130	  14	 111	 166	 149	 140	 112	 144	 171	  91	 176	 149	 110	 232	  60	  17	 209	 189	 207
       6	  14	 129	 131	  16	 111	 168	 149	 139	 138	 136	 154	  90	 171	 194	 115	 227	  58	  18	 213	 200	 217
       7	  16	 167	 122	  43	  41	 121	 164	 105	 114	 130	 154	 102	 169	 185	 141	 224	  63	  11	 216	 188	 211
       7	  16	 170	 128	  43	  40	 125	 164	 134	 119	 122	 131	  84	 161	 131	 134	 226	  63	   4	 202	 197	 199
       7	  16	 171	 127	  43	  29	 122	 171	 115	 107	 115	 119	  65	 177	 152	 156	 225	  58	  17	 219	 195	 217
       7	  16	 171	 123	  41	  38	 128	 162	 167	 121	 123	 156	  84	 165	 140	 128	 221	  59	  11	 207	 205	 202
       7	  16	 170	 124	  43	  45	 141	 156	 155	 104	 122	 150	  82	 169	 142	 150	 225	  62	  17	 224	 199	 199
       7	  16	 171	 124	  40	  44	 130	 162	  99	  93	 123	 148	  92	 167	 123	 131	 223	  67	  17	 219	 193	 202
       7	  16	 173	 125	  38	  41	 139	 162	 128	 128	 122	 141	  83	 165	 128	 103	 221	  63	   9	 213	 196	 198
       7	  16	 174	 126	  38	  39	 136	 167	 132	 151	 120	 136	  83	 173	 134	 129	 224	  62	  19	 218	 193	 199
       7	  16	 176	 129	  42	  39	 136	 166	  99	 121	 121	 114	  89	 177	 163	 142	 221	  60	  14	 222	 190	 212
       7	  16	 178	 131	  44	  35	 140	 163	 127	 126	 116	 126	  86	 167	 184	 138	 222	  60	  12	 218	 195	 200
       7	  16	 169	 125	  46	  45	 138	 153	 122	 101	 126	 138	  97	 161	 211	 118	 215	  63	   6	 212	 176	 199
       7	  16	 172	 134	  44	  43	 131	 158	 161	  92	 117	 129	 104	 167	 169	 152	 230	  63	  11	 209	 196	 199
       7	  16	 172	 134	  43	  36	 122	 162	 165	  94	 118	 158	  88	 166	 148	 123	 226	  61	  16	 210	 195	 202
       7	  16	 173	 131	  43	  46	 136	 159	 125	 102	 125	 126	  85	 164	 163	 107	 221	  59	  12	 215	 184	 195
       7	  16	 174	 132	  44	  49	 146	 152	 145	 117	 125	 139	  91	 165	 212	 113	 223	  56	  14	 222	 186	 193
       7	  16	 173	 130	  40	  47	 142	 160	 119	 136	 131	 155	 102	 167	 130	  92	 228	  61	   8	 209	 193	 190
       7	  16	 173	 129	  40	  45	 142	 152	 117	  83	 132	 147	  92	 169	 150	 126	 225	  61	  17	 219	 203	 209
       7	  16	 173	 126	  39	  44	 150	 152	 115	 113	 129	 149	  89	 171	 152	 157	 228	  60	  13	 222	 188	 210
       7	  16	 174	 126	  38	  39	 139	 161	 126	 130	 125	 143	  83	 160	 128	 113	 218	  64	   8	 206	 191	 211
       7	  16	 177	 131	  41	  37	 137	 162	 127	 122	 113	 130	 101	 178	 151	 148	 227	  60	  13	 207	 199	 201
       7	  16	 171	 130	  42	  38	 123	 164	 136	  91	 124	 150	  90	 166	 153	 117	 218	  66	  13	 211	 189	 199
       7	  16	 173	 134	  43	  41	 123	 164	 134	 116	 112	 116	  87	 168	 168	 108	 215	  63	  11	 212	 189	 219
       7	  16	 175	 131	  45	  39	 140	 163	 128	  97	 116	 139	  92	 171	 177	 163	 225	  59	  13	 213	 203	 190
       7	  16	 175	 129	  46	  47	 146	 154	 151	  84	 123	 127	  72	 164	 126	 141	 224	  61	  11	 214	 202	 200
       7	  16	 175	 131	  44	  48	 140	 157	 150	  85	 124	 171	  96	 162	 145	  99	 219	  59	  14	 234	 196	 209
       7	  16	 175	 131	  43	  54	 143	 149	 141	 120	 127	 136	  93	 156	 158	 103	 220	  60	   8	 209	 198	 208
       7	  16	 173	 128	  41	  48	 149	 148	 144	  94	 133	 142	  82	 165	 149	  93	 219	  60	  15	 222	 194	 199
       7	  16	 173	 124	  40	  45	 146	 151	 118	 133	 123	 118	  96	 170	 175	 116	 219	  58	  10	 233	 187	 204
       7	  16	 174	 124	  40	  45	 145	 150	 185	 111	 127	 146	  89	 169	 159	 147	 226	  57	  14	 229	 189	 204
       7	  16	 179	 129	  42	  44	 149	 152	 183	 132	 110	 107	  94	 169	 185	 159	 225	  57	  14	 223	 194	 196
       7	  16	 173	 138	  44	  40	 123	 165	 164	 147	 109	 114	  91	 162	 137	  82	 222	  63	  12	 221	 193	 216
       7	  16	 174	 139	  47	  44	 132	 156	 119	  79	 121	 146	  97	 169	 186	 156	 232	  59	  10	 209	 188	 187
       7	  16	 176	 134	  45	  43	 144	 158	 154	  80	 122	 132	  89	 163	 140	 118	 226	  64	  11	 231	 190	 219
       7	  16	 176	 131	  44	  51	 139	 157	 150	 113	 128	 144	  96	 168	 145	 131	 232	  57	  11	 219	 199	 206
       7	  16	 174	 127	  42	  46	 144	 165	  60	 130	 125	 118	  90	 166	 181	 114	 219	  62	  17	 238	 181	 210
       7	  16	 173	 126	  41	  49	 146	 153	 148	 137	 116	 138	 100	 159	 122	 126	 222	  65	  13	 224	 199	 208
       7	  16	 173	 125	  40	  46	 148	 155	 151	 139	 126	 142	  93	 172	 156	 140	 222	  61	  16	 223	 197	 209
       7	  16	 175	 126	  38	  44	 144	 158	 122	 135	 125	 131	  80	 170	 142	 141	 222	  60	  17	 218	 200	 198
       7	  16	 176	 125	  39	  38	 139	 160	 126	 101	 128	 166	 107	 184	 136	 145	 228	  62	  12	 211	 192	 212
       7	  16	 177	 125	  36	  34	 140	 171	  72	 113	 122	 153	 107	 175	 171	 135	 225	  59	  12	 228	 187	 204
       7	  16	 176	 132	  47	  46	 143	 158	 152	  85	 129	 155	  89	 158	 171	 131	 220	  61	  11	 201	 185	 204
       7	  16	 176	 137	  47	  45	 135	 162	 158	 105	 119	 128	  89	 161	 144	 144	 225	  59	  10	 215	 196	 209
       7	  16	 177	 136	  47	  47	 143	 163	 188	 137	 120	 144	  97	 174	 167	 154	 233	  60	  13	 203	 200	 190
       7	  16	 177	 133	  47	  52	 157	 151	 173	 121	 116	 115	  75	 156	 157	 143	 225	  63	  15	 213	 189	 203
       7	  16	 177	 132	  47	  51	 150	 151	 144	  65	 130	 144	  89	 165	 152	 100	 219	  61	  16	 223	 190	 196
       7	  16	 175	 128	  44	  51	 152	 153	 147	  88	 128	 150	  96	 162	 139	 139	 225	  62	  12	 209	 197	 200
       7	  16	 175	 129	  43	  55	 159	 147	 207	  97	 132	 140	  94	 168	 179	 133	 225	  60	  13	 229	 186	 197
       7	  16	 175	 131	  42	  46	 149	 154	 148	 136	 114	 120	 101	 169	 183	 119	 219	  61	  15	 227	 186	 201
       7	  16	 175	 130	  38	  42	 144	 157	 159	 124	 114	  98	  88	 173	 153	 150	 223	  63	  14	 207	 203	 192
       7	  16	 175	 130	  34	  37	 139	 159	 163	 118	 110	 131	  94	 164	 169	 154	 221	  61	  14	 203	 191	 192
       7	  16	 172	 139	  43	  38	 122	 164	 129	  93	 119	 151	 100	 161	 180	 140	 229	  62	  16	 223	 188	 212
       7	  16	 175	 137	  44	  44	 139	 167	  94	  77	 131	 144	  89	 171	 152	 151	 227	  62	  11	 219	 185	 221
       7	  16	 176	 138	  45	  44	 137	 165	 119	 134	 117	 149	  94	 168	 176	  91	 222	  59	   6	 204	 189	 208
       7	  16	 177	 139	  45	  44	 129	 168	  59	  76	 125	 155	 103	 156	 162	 121	 217	  63	  16	 216	 178	 201
       7	  16	 177	 138	  45	  46	 139	 163	 118	 139	 114	 116	  80	 165	 144	 146	 228	  60	  12	 214	 201	 209
       7	  16	 175	 134	  41	  41	 128	 164	 129	 149	 112	 110	  94	 165	 157	 113	 219	  59	  12	 221	 189	 206
       7	  16	 173	 129	  38	  41	 141	 167	 130	 150	 118	 129	  93	 168	 140	 151	 226	  57	  10	 232	 194	 218
       7	  16	 172	 131	  40	  47	 143	 154	 182	 109	 119	 148	  92	 164	 127	 105	 217	  62	  10	 212	 206	 189
       7	  16	 172	 130	  39	  42	 140	 160	 123	 128	 113	 141	  89	 173	 162	 121	 222	  59	   9	 220	 193	 200
       7	  16	 174	 127	  34	  35	 139	 166	 133	 121	 114	 141	  74	 167	 119	 139	 223	  60	  13	 218	 199	 207
       7	  16	 172	 135	  45	  43	 133	 155	 158	  95	 115	 111	 101	 171	 185	 156	 227	  60	  13	 234	 190	 211
       7	  16	 174	 132	  44	  45	 139	 156	 153	 106	 116	 128	  88	 164	 148	 153	 223	  62	  15	 216	 186	 202
       7	  16	 175	 130	  44	  41	 145	 160	 157	 123	 107	 130	 103	 165	 170	 159	 225	  67	  15	 208	 198	 214
       7	  16	 176	 134	  47	  44	 133	 161	 124	 105	 123	 126	  88	 170	 149	 118	 223	  61	   9	 208	 194	 204
       7	  16	 175	 137	  46	  45	 130	 161	 157	 103	 114	 141	  98	 176	 166	 108	 228	  58	  12	 222	 206	 206
       7	  16	 171	 132	  42	  46	 131	 161	 157	 154	 111	 139	  92	 162	 165	 119	 219	  63	  15	 211	 193	 200
       7	  16	 169	 131	  40	  50	 142	 160	 155	 104	 115	 163	  93	 159	 164	 110	 215	  61	   9	 219	 201	 205
       7	  16	 169	 136	  41	  54	 136	 157	 149	 161	 106	 129	  88	 168	 178	 139	 216	  60	  11	 211	 193	 198
       7	  16	 170	 135	  41	  52	 141	 154	 147	 114	 117	 140	  79	 178	 126	 137	 218	  58	   9	 223	 190	 219
       7	  16	 173	 130	  38	  40	 139	 158	 158	 127	 115	 138	  91	 179	 140	 145	 219	  60	  13	 209	 191	 196
       8	  18	 157	 151	  45	  77	 158	 163	 132	 153	 131	 131	  72	 162	 176	 104	 239	  65	  12	 216	 197	 204
       8	  18	 158	 152	  46	  79	 159	 158	  93	 101	 133	 144	  91	 166	 174	  91	 233	  65	  12	 220	 190	 210
       8	  18	 164	 152	  43	  74	 157	 160	 130	 125	 132	 137	  95	 167	 194	  87	 236	  62	  12	 229	 190	 206
       8	  18	 166	 150	  40	  67	 153	 165	 104	 146	 130	 118	  80	 170	 140	  94	 235	  63	  14	 213	 183	 211
       8	  18	 166	 151	  40	  67	 161	 164	 134	 124	 132	 146	  82	 162	 142	  72	 230	  65	   9	 202	 196	 191
       8	  18	 167	 156	  45	  70	 155	 158	 162	 100	 137	 144	  97	 172	 184	 101	 237	  65	  13	 213	 194	 202
       8	  18	 171	 159	  47	  68	 157	 162	 126	  82	 139	 159	  85	 161	 159	 143	 241	  59	   9	 218	 191	 210
       8	  18	 174	 153	  51	  74	 158	 154	 118	 110	 135	 126	 105	 179	 154	 117	 244	  63	  11	 200	 197	 201
       8	  18	 175	 164	  52	  75	 159	 165	 121	 118	 134	 135	  78	 158	 168	 126	 240	  66	  13	 205	 199	 212
       8	  18	 170	 164	  51	  74	 152	 163	 155	 120	 139	 166	  87	 165	 151	  95	 238	  63	  17	 234	 185	 214
       8	  18	 169	 162	  48	  78	 162	 157	 182	 120	 134	 148	  88	 167	 164	  89	 233	  63	  15	 217	 200	 186
       8	  18	 167	 163	  46	  70	 153	 164	 126	 136	 130	 144	  75	 159	 124	 114	 236	  66	  10	 199	 206	 201
       8	  18	 171	 170	  50	  72	 149	 163	 159	  84	 137	 162	  90	 165	 175	 127	 239	  65	  16	 212	 186	 209
       8	  18	 181	 177	  61	  74	 158	 156	 171	 105	 125	 150	  95	 163	 219	 126	 236	  63	  17	 202	 198	 187
       8	  18	 184	 176	  61	  74	 156	 157	 174	  80	 136	 151	  88	 163	 172	 146	 245	  61	  13	 201	 199	 209
       8	  18	 182	 169	  61	  77	 163	 147	 167	  80	 129	 124	  98	 162	 179	 138	 241	  61	  17	 211	 186	 210
       8	  18	 175	 159	  47	  73	 160	 167	 126	 132	 131	 130	  95	 157	 149	 110	 241	  64	  11	 212	 205	 202
       8	  18	 169	 159	  47	  73	 164	 169	  61	  85	 146	 175	  93	 165	 207	 113	 235	  56	   9	 214	 200	 198
       8	  18	 165	 160	  45	  77	 151	 162	 125	 139	 135	 140	  79	 168	 143	  87	 232	  64	  11	 208	 195	 189
       8	  18	 166	 163	  43	  65	 138	 174	 138	 178	 116	 151	  70	 162	 129	 116	 240	  59	  13	 219	 200	 199
       8	  18	 179	 174	  55	  70	 136	 177	 100	 157	 120	 111	  95	 165	 183	  94	 235	  63	  12	 220	 200	 208
       8	  18	 185	 183	  65	  76	 154	 169	 139	 142	 128	 158	  87	 168	 171	 151	 245	  61	  12	 206	 202	 190
       8	  18	 181	 183	  62	  78	 146	 170	 149	 127	 130	 143	  92	 175	 200	 146	 245	  60	  14	 213	 199	 209
       8	  18	 175	 175	  55	  71	 148	 172	  92	  91	 130	 157	  80	 162	 163	 141	 241	  58	  13	 221	 201	 213
       8	  18	 165	 155	  47	  78	 169	 158	 157	 134	 126	 105	  70	 163	 168	 126	 243	  61	  11	 206	 208	 198
       8	  18	 159	 154	  45	  78	 158	 156	 130	  98	 136	 117	  74	 161	 205	  92	 236	  63	   8	 208	 196	 211
       8	  18	 160	 148	  42	  74	 166	 159	 100	  68	 137	 145	  81	 167	 160	 105	 237	  62	   9	 222	 190	 218
       8	  18	 166	 147	  40	  73	 168	 158	 164	 102	 138	 124	  63	 158	 170	  78	 233	  64	   9	 209	 204	 203
       8	  18	 174	 161	  52	  76	 160	 164	 123	 112	 130	 130	  76	 154	 177	  99	 233	  63	  10	 208	 195	 219
       8	  18	 186	 182	  73	  79	 156	 164	 137	  91	 133	 118	  67	 165	 160	  92	 229	  67	  10	 198	 203	 203
       8	  18	 189	 191	  77	  72	 131	 176	 113	 139	 124	 126	  77	 164	 156	  91	 239	  63	  15	 219	 204	 211
       8	  18	 176	 187	  68	  63	 119	 172	 159	 144	 116	 148	  73	 163	 157	 109	 247	  56	   9	 214	 220	 205
       8	  18	 150	 140	  39	  73	 143	 168	 115	 132	 132	 186	 104	 170	 156	  71	 239	  64	   8	 225	 201	 215
       8	  18	 150	 143	  41	  78	 142	 162	 108	 137	 132	 170	 103	 159	 186	 183	 241	  67	  16	 216	 180	 208
       8	  18	 160	 137	  40	  71	 159	 163	 108	 117	 139	 142	  75	 174	 191	  97	 226	  63	  13	 208	 202	 203
       8	  18	 165	 136	  36	  68	 164	 170	 113	 114	 138	 169	  86	 158	 166	 134	 234	  61	  15	 220	 199	 219
       8	  18	 171	 157	  51	  72	 146	 170	 133	 131	 126	 152	  82	 165	 148	 122	 239	  60	  13	 220	 203	 199
       8	  18	 182	 178	  72	  75	 138	 176	  86	 155	 125	 116	  66	 167	 146	 106	 234	  66	  10	 210	 196	 208
       8	  18	 194	 192	  84	  78	 133	 177	 108	  70	 137	 162	  76	 169	 136	 125	 237	  62	  16	 217	 205	 209
       8	  18	 191	 191	  76	  62	 112	 190	  99	 121	 119	 155	  70	 155	 142	 116	 233	  60	  15	 204	 211	 209
       9	  20	 193	 154	  64	  56	 139	 172	 100	 138	 118	 139	  94	 166	 153	 103	 226	  58	  13	 216	 193	 211
       9	  20	 193	 160	  66	  59	 143	 164	 120	 125	 115	 141	  85	 164	 137	 139	 234	  57	  12	 208	 201	 203
       9	  20	 191	 155	  63	  53	 138	 170	 100	 140	 120	 130	  79	 169	 166	 125	 228	  56	  14	 201	 209	 213
       9	  20	 190	 150	  62	  52	 142	 164	 137	 104	 116	 115	  72	 168	 193	 127	 223	  52	  15	 229	 199	 220
       9	  20	 186	 145	  61	  43	 133	 165	 175	 100	 113	 163	  78	 173	 167	 112	 220	  54	  15	 215	 210	 203
       9	  20	 183	 139	  57	  43	 131	 166	 149	 113	 109	 129	  74	 164	 133	 129	 224	  57	  16	 230	 203	 207
       9	  20	 180	 132	  55	  40	 134	 167	 123	  78	 119	 152	  86	 172	 171	 137	 222	  57	  12	 209	 200	 202
       9	  20	 179	 126	  53	  43	 128	 173	 100	 123	 122	 131	  87	 166	 191	 145	 221	  61	  12	 211	 185	 210
       9	  20	 181	 127	  55	  56	 153	 159	 140	 146	 107	 107	  78	 171	 155	  97	 215	  59	   5	 214	 189	 202
       9	  20	 181	 126	  54	  57	 158	 154	 132	 153	 113	 134	 100	 174	 139	 145	 226	  61	  11	 204	 183	 203
       9	  20	 179	 117	  47	  58	 171	 149	 165	 123	 115	 140	  93	 174	 154	  93	 208	  63	  13	 208	 180	 213
       9	  20	 192	 156	  64	  53	 137	 168	 103	  82	 124	 132	  80	 153	 156	  99	 223	  61	  19	 208	 201	 204
       9	  20	 193	 160	  66	  59	 144	 160	 154	  73	 128	 161	  92	 167	 155	 102	 227	  56	  12	 208	 203	 216
       9	  20	 194	 156	  66	  64	 158	 163	 116	 134	 122	 135	  77	 159	 164	 122	 228	  58	  16	 216	 202	 226
       9	  20	 195	 156	  68	  67	 153	 156	 146	 103	 120	 139	 101	 157	 185	 126	 229	  55	  13	 212	 214	 208
       9	  20	 192	 151	  67	  59	 150	 160	  90	 100	 129	 130	  73	 169	 196	 127	 222	  55	  11	 205	 191	 230
       9	  20	 188	 145	  59	  51	 140	 165	 139	 126	 111	 131	  91	 161	 144	 126	 224	  61	  16	 209	 206	 193
       9	  20	 184	 140	  56	  43	 139	 169	 151	  89	 119	 165	  88	 171	 154	 106	 222	  58	  13	 215	 202	 208
       9	  20	 180	 132	  53	  41	 134	 164	 188	 102	 107	 161	 101	 162	 188	 128	 218	  59	  15	 231	 194	 218
       9	  20	 182	 129	  53	  54	 148	 162	 146	 114	 115	 135	  91	 163	 183	  94	 218	  62	  11	 210	 200	 208
       9	  20	 182	 126	  51	  60	 151	 153	 102	 120	 118	 119	  94	 165	 187	  83	 209	  60	  13	 205	 185	 204
       9	  20	 178	 115	  43	  54	 170	 154	 108	  64	 128	 147	  72	 166	 125	 104	 214	  55	  10	 218	 182	 211
       9	  20	 190	 149	  60	  52	 139	 172	 108	 132	 120	 139	  86	 167	 173	 101	 228	  57	  14	 219	 204	 208
       9	  20	 191	 156	  63	  48	 126	 169	 135	 135	 109	 160	  89	 152	 116	 134	 233	  57	  11	 208	 207	 214
       9	  20	 191	 153	  62	  50	 137	 172	 104	 107	 118	 147	  80	 152	 146	 126	 226	  55	  12	 217	 203	 226
       9	  20	 192	 155	  64	  57	 145	 170	 103	 109	 116	 125	  87	 167	 174	 147	 229	  55	  14	 222	 202	 215
       9	  20	 193	 156	  69	  63	 149	 156	 178	 134	 114	 140	  79	 167	 158	  78	 219	  57	  13	 221	 203	 222
       9	  20	 191	 152	  64	  61	 148	 163	  94	  94	 129	 135	  85	 161	 171	 141	 230	  57	  12	 208	 208	 200
       9	  20	 189	 150	  62	  54	 135	 162	 169	 131	 110	 131	  99	 163	 153	 150	 234	  56	  12	 195	 218	 188
       9	  20	 183	 142	  57	  42	 133	 164	 213	 143	 101	 146	  83	 160	 132	 126	 226	  59	  13	 202	 210	 215
       9	  20	 184	 136	  55	  54	 149	 158	 173	  95	 119	 132	  84	 156	 167	 104	 215	  62	  14	 201	 185	 203
       9	  20	 183	 128	  53	  62	 162	 146	 126	  74	 118	 129	  98	 169	 165	 114	 216	  59	  14	 213	 189	 221
       9	  20	 178	 114	  44	  58	 172	 151	 108	  67	 135	 140	  81	 165	 170	 177	 224	  61	  14	 206	 188	 211
       9	  20	 190	 152	  62	  55	 139	 164	 105	 107	 121	  92	  70	 155	 163	 134	 226	  58	  15	 209	 198	 221
       9	  20	 192	 158	  63	  51	 131	 170	 140	 104	 115	 142	  90	 166	 157	 111	 225	  56	  15	 205	 208	 222
       9	  20	 190	 158	  63	  52	 129	 169	 139	 108	 123	 145	  85	 163	 165	 136	 230	  57	  15	 201	 201	 220
       9	  20	 191	 158	  63	  51	 131	 174	 108	 106	 115	 147	  84	 158	 166	  96	 215	  57	  20	 226	 196	 196
       9	  20	 193	 159	  66	  56	 139	 165	 159	 149	 113	 145	  83	 160	 198	 143	 229	  55	  15	 215	 205	 208
       9	  20	 193	 156	  64	  59	 144	 164	 125	  90	 121	 161	 109	 160	 147	 126	 227	  57	  10	 214	 204	 213
       9	  20	 188	 147	  61	  44	 138	 168	 111	  76	 120	 152	  69	 154	 138	 100	 216	  60	  17	 211	 211	 228
       9	  20	 182	 137	  54	  42	 134	 169	 156	 112	 116	 147	  73	 161	 174	 109	 220	  57	   9	 212	 197	 207
       9	  20	 184	 135	  53	  52	 146	 164	 146	 120	 118	 139	  93	 166	 145	 102	 218	  57	  13	 214	 193	 204
       9	  20	 183	 128	  51	  58	 161	 150	 161	 133	 113	 146	  97	 167	 154	 137	 224	  58	  12	 205	 193	 200
       9	  20	 179	 114	  46	  50	 166	 160	 114	 140	 114	 135	  80	 164	 139	 116	 213	  63	   9	 198	 188	 204
       9	  20	 186	 143	  58	  54	 148	 163	 137	 108	 124	 141	  82	 159	 157	  94	 220	  58	  11	 207	 212	 206
       9	  20	 188	 149	  61	  53	 145	 165	 136	 133	 110	 116	  68	 158	 177	 131	 225	  57	  17	 222	 198	 215
       9	  20	 191	 153	  67	  63	 155	 159	 153	 101	 125	 136	  73	 165	 170	 115	 224	  59	  12	 209	 201	 223
       9	  20	 192	 156	  69	  66	 150	 160	 120	  80	 134	 142	  69	 159	 165	 112	 222	  56	  10	 217	 194	 211
       9	  20	 190	 157	  69	  65	 151	 159	 151	 107	 129	 149	  82	 162	 160	 172	 234	  56	  15	 213	 205	 201
       9	  20	 187	 151	  63	  61	 152	 160	 126	 117	 119	 119	  75	 160	 180	 158	 227	  59	  13	 200	 209	 203
       9	  20	 184	 142	  57	  49	 143	 171	  86	  87	 119	 115	  69	 165	 151	 178	 232	  59	  14	 196	 214	 206
       9	  20	 180	 138	  54	  42	 133	 166	 190	  53	 115	 182	  82	 157	 174	 119	 223	  64	  16	 202	 211	 194
       9	  20	 184	 138	  56	  54	 152	 159	 172	 123	 108	 114	  79	 160	 138	 153	 230	  63	  13	 209	 195	 203
       9	  20	 182	 132	  55	  61	 160	 152	 130	 106	 121	 136	  92	 170	 173	 125	 224	  58	  12	 215	 189	 208
       9	  20	 174	 120	  51	  55	 157	 157	 177	  93	 128	 194	  94	 165	 153	 139	 221	  61	   8	 205	 189	 212
       9	  20	 185	 142	  58	  48	 140	 161	 174	 125	 113	 152	  92	 165	 208	 115	 224	  53	  14	 220	 200	 199
       9	  20	 186	 145	  58	  46	 134	 170	 146	 122	 113	 151	  81	 164	 120	 138	 227	  58	  15	 216	 199	 223
       9	  20	 188	 149	  61	  50	 142	 173	 108	 107	 121	 154	  69	 165	 141	 116	 219	  61	  17	 197	 198	 206
       9	  20	 189	 154	  62	  53	 136	 171	 108	 106	 119	 131	  75	 169	 173	 105	 219	  57	  16	 218	 189	 216
       9	  20	 190	 153	  64	  56	 145	 160	 193	 146	 115	 143	  79	 155	 182	 141	 223	  58	  15	 206	 203	 213
       9	  20	 189	 148	  63	  58	 152	 159	 160	  64	 125	 158	  85	 164	 126	 110	 223	  59	  15	 219	 189	 209
       9	  20	 184	 142	  57	  42	 127	 176	 126	 107	 118	 153	  91	 160	 185	 118	 223	  60	  14	 210	 199	 207
       9	  20	 182	 139	  57	  44	 127	 173	 127	 105	 111	 133	  83	 168	 167	 138	 230	  60	  16	 214	 208	 190
       9	  20	 185	 136	  58	  57	 141	 167	 109	 174	 108	 118	  96	 158	 187	 155	 226	  64	  19	 199	 202	 203
       9	  20	 184	 133	  58	  62	 160	 152	 161	  83	 123	 160	  94	 165	 169	 122	 222	  58	  16	 208	 206	 201
       9	  20	 178	 127	  54	  63	 160	 156	 136	 100	 123	 133	  80	 166	 175	 115	 219	  56	  10	 215	 201	 214
       9	  20	 185	 143	  59	  51	 136	 162	 176	 124	 113	 135	  84	 159	 165	 127	 226	  56	  16	 210	 210	 209
       9	  20	 185	 146	  60	  51	 138	 163	 174	  98	 114	 158	  89	 163	 206	 109	 221	  53	  12	 200	 214	 200
       9	  20	 189	 149	  62	  55	 143	 163	 136	  78	 115	 127	  79	 153	 136	 143	 230	  56	  14	 232	 197	 214
       9	  20	 190	 152	  63	  56	 143	 165	 134	 109	 113	 133	  84	 158	 182	  90	 219	  58	  13	 210	 191	 199
       9	  20	 187	 152	  63	  50	 131	 167	 140	 105	 115	 159	  89	 155	 146	 135	 224	  57	  15	 206	 198	 203
       9	  20	 186	 147	  62	  55	 142	 161	 166	 136	 106	 144	  88	 162	 146	 154	 230	  57	  12	 217	 194	 214
       9	  20	 184	 141	  58	  49	 140	 169	 182	 144	 112	 156	 102	 155	 218	 130	 224	  62	  14	 209	 199	 207
       9	  20	 186	 142	  61	  55	 142	 163	 173	 101	 114	 142	  83	 164	 181	 108	 221	  56	  12	 208	 208	 208
       9	  20	 187	 141	  62	  56	 142	 166	 136	 158	 111	 130	  91	 161	 151	 157	 233	  56	  14	 214	 206	 204
       9	  20	 185	 142	  60	  59	 147	 166	  72	 128	 117	 123	 101	 164	 189	 158	 231	  58	  10	 224	 204	 200
       9	  20	 178	 143	  57	  55	 131	 165	 140	 177	 102	 161	  96	 160	 174	 154	 228	  58	  11	 210	 199	 213
      10	  23	  92	 103	  69	  60	 161	 191	 138	  96	 133	 162	  94	 177	 125	 114	 219	  45	  17	 215	 222	 194
      10	  23	  93	 104	  69	  62	 161	 186	 200	 119	 122	 154	 110	 179	 180	  92	 216	  48	  20	 230	 222	 198
      10	  23	  91	 104	  69	  63	 165	 186	 133	  98	 131	 146	  92	 176	 162	 139	 220	  50	  21	 214	 217	 198
      10	  23	  92	 104	  70	  64	 171	 181	 192	 108	 133	 146	  79	 182	 141	 125	 221	  49	  20	 218	 225	 193
      10	  23	  96	 106	  69	  64	 166	 176	 155	  54	 130	 160	  97	 181	 165	  89	 214	  49	  20	 240	 221	 190
      10	  23	  97	 106	  68	  58	 152	 178	 127	 130	 124	 129	  95	 183	 177	 123	 217	  49	  22	 235	 210	 191
      10	  23	  96	 105	  70	  56	 145	 172	 154	 164	 122	 155	  94	 174	 185	 148	 224	  45	  18	 219	 221	 204
      10	  23	  97	 103	  69	  61	 156	 175	 156	  84	 136	 175	 100	 175	 151	  67	 215	  52	  15	 219	 232	 186
      10	  23	  94	 102	  65	  60	 142	 192	 145	 116	 131	 152	  92	 176	 136	 132	 227	  46	  16	 233	 210	 202
      10	  23	  96	 101	  65	  62	 151	 190	 170	 173	 117	 138	  96	 180	 155	  99	 213	  49	  16	 204	 230	 202
      10	  23	  97	 101	  65	  61	 148	 191	 139	 144	 125	 151	 102	 176	 172	 103	 212	  50	  21	 211	 227	 192
      10	  23	  97	 101	  66	  61	 146	 190	 107	 123	 137	 128	  79	 175	 127	 116	 217	  48	  17	 213	 221	 195
      10	  23	 100	 102	  64	  62	 145	 187	 165	 128	 126	 172	  86	 181	 104	 112	 221	  50	  21	 223	 225	 202
      10	  23	 106	 102	  64	  61	 144	 180	 126	 104	 126	 158	  88	 182	 159	 117	 219	  53	  22	 222	 221	 190
      10	  23	 109	 103	  64	  68	 145	 167	 146	  91	 130	 138	  83	 175	 160	  85	 220	  56	  17	 217	 217	 194
      10	  23	 103	 101	  63	  60	 150	 181	 126	 111	 134	 178	  91	 182	 141	  98	 220	  49	  17	 219	 223	 201
      10	  23	 104	 105	  64	  63	 140	 179	 162	  98	 121	 148	  99	 176	 149	  96	 217	  51	  16	 212	 213	 200
      10	  23	 103	 102	  64	  62	 146	 180	 160	 108	 133	 175	  92	 176	 139	 122	 223	  48	  16	 224	 210	 190
      10	  23	 100	 100	  67	  61	 148	 179	 164	 102	 133	 139	  85	 177	 190	  70	 213	  50	  17	 232	 214	 211
      10	  23	  99	 102	  68	  64	 156	 176	 188	 135	 126	 151	  98	 174	 156	 146	 225	  52	  15	 207	 222	 213
      10	  23	  99	 105	  65	  62	 154	 182	 127	 126	 117	 146	 101	 172	 203	 104	 215	  51	  16	 210	 227	 202
      10	  23	 104	 104	  64	  63	 151	 177	 156	 132	 119	 126	  80	 184	 158	  87	 215	  53	  16	 215	 221	 185
      10	  23	 108	 102	  65	  63	 143	 176	 126	  79	 136	 141	  86	 185	 146	 105	 220	  54	  17	 216	 221	 207
      10	  23	 104	 101	  66	  63	 146	 170	 186	  88	 131	 157	  77	 178	 106	  81	 218	  51	  18	 220	 213	 185
      10	  23	 101	 103	  65	  61	 146	 183	 132	  73	 127	 156	  84	 177	 137	 128	 219	  50	  21	 215	 222	 201
      10	  23	 100	  99	  65	  61	 145	 185	 166	 155	 123	 139	  75	 177	 136	  96	 219	  52	  14	 217	 222	 209
      10	  23	 101	 100	  65	  61	 137	 185	 136	 123	 130	 158	  96	 174	 147	 116	 223	  53	  18	 226	 214	 198
      10	  23	 103	 101	  63	  66	 148	 181	 163	 103	 126	 144	  79	 179	 137	 101	 214	  53	  23	 214	 220	 194
      10	  23	 103	 101	  61	  66	 147	 185	 161	 107	 130	 179	  85	 174	  97	 104	 218	  56	  23	 205	 226	 194
      10	  23	 101	 100	  63	  63	 147	 186	 100	 125	 124	 150	  88	 180	 149	 130	 222	  51	  21	 216	 223	 191
      10	  23	 102	  98	  65	  68	 152	 174	 219	 110	 126	 193	 106	 182	 175	 132	 224	  48	  17	 209	 223	 190
      10	  23	 101	  97	  64	  62	 151	 183	 131	 101	 123	 170	  89	 177	 121	 155	 229	  50	  20	 218	 235	 194
      10	  23	  98	 100	  67	  62	 156	 189	 168	 121	 128	 157	 105	 183	 190	 122	 217	  49	  23	 210	 222	 207
      10	  23	  97	 100	  66	  61	 152	 193	 110	 114	 130	 133	  94	 180	 170	 120	 223	  48	  21	 232	 214	 209
      10	  23	 102	 104	  64	  62	 152	 186	 198	 132	 128	 143	  75	 180	 120	 111	 216	  50	  21	 222	 206	 206
      10	  23	 108	 108	  62	  62	 144	 179	 192	 104	 117	 141	  89	 178	 124	 121	 219	  54	  21	 201	 235	 177
      10	  23	 105	 107	  61	  56	 144	 186	 130	 127	 125	 160	 106	 177	 176	 120	 218	  55	  22	 206	 222	 184
      10	  23	 103	 105	  62	  55	 142	 190	 105	 145	 122	 131	 101	 192	 138	 126	 221	  53	  22	 221	 209	 204
      10	  23	 104	 102	  62	  57	 149	 188	 165	 150	 117	 161	 100	 187	 142	 109	 221	  48	  19	 225	 228	 212
      10	  23	 103	  99	  62	  60	 148	 187	 101	 121	 126	 144	  91	 182	 170	 157	 226	  48	  18	 215	 223	 191
      11	  25	  43	 134	  67	  51	 182	 169	 153	 156	 132	 133	  70	 203	 178	  82	 231	  57	  14	 212	 224	 190
      11	  25	  36	 143	  61	  51	 158	 173	  32	 110	 130	 124	  85	 150	 129	  87	 229	  58	  15	 229	 222	 177
      11	  25	  31	 150	  61	  56	 182	 162	 142	 132	 127	 175	 104	 176	 176	 105	 228	  61	  19	 215	 206	 192
      11	  25	  36	 143	  67	  49	 172	 164	 119	 153	 130	 127	  77	 187	 196	  86	 230	  55	  13	 230	 193	 178
      11	  25	  27	 155	  51	  69	 179	 164	 118	  98	 148	 128	  95	 113	 155	  93	 223	  63	  12	 233	 192	 182
      11	  25	  24	 159	  58	  42	 168	 142	 131	 125	  84	 158	  79	 209	 184	 109	 231	  49	  17	 211	 191	 207
      11	  25	  52	 125	  59	  62	 203	 172	 118	 124	 120	 128	  77	 158	 140	 109	 230	  66	  12	 228	 209	 196
      11	  25	  49	 128	  62	  56	 177	 162	  84	  87	 104	 139	  86	 154	 182	 126	 240	  57	  20	 246	 196	 190
      11	  25	  46	 132	  63	  50	 170	 158	  84	 110	  96	 133	  92	 183	 203	 100	 238	  57	  18	 229	 193	 199
      11	  25	  45	 133	  59	  58	 178	 151	 139	  93	  92	 131	  78	 154	 100	  63	 231	  61	  13	 227	 196	 186
      11	  25	  42	 135	  59	  60	 199	 161	 142	 105	 118	 141	  72	 159	 136	 101	 231	  62	  17	 226	 197	 179
      11	  25	  36	 152	  59	  52	 144	 139	 133	 110	 119	 159	  81	 185	 204	 108	 241	  54	  19	 228	 218	 194
      11	  25	  40	 143	  61	  53	 153	 160	  85	 124	 128	 138	  86	 179	 164	  96	 234	  57	  20	 229	 218	 193
      11	  25	  43	 134	  67	  50	 176	 164	 154	 126	 130	 139	  86	 186	 165	 103	 237	  60	  17	 236	 217	 203
      11	  25	  39	 137	  63	  51	 180	 175	 128	 171	 130	 126	  88	 172	 179	 102	 231	  61	  14	 222	 213	 206
      11	  25	  24	 159	  56	  55	 166	 151	 141	 122	 115	 133	  98	 155	 149	 104	 229	  51	  13	 226	 194	 188
      11	  25	  29	 152	  59	  48	 165	 156	 111	 121	 115	 167	 105	 188	 181	 104	 236	  57	  13	 216	 202	 182
      11	  25	  50	 127	  61	  55	 158	 163	  89	 111	 107	 130	  89	 166	 142	 101	 226	  61	  16	 220	 192	 198
      11	  25	  57	 115	  63	  54	 178	 173	  90	 143	 112	 166	  97	 167	 173	 149	 238	  64	  15	 217	 199	 186
      11	  25	  50	 127	  58	  53	 151	 164	  91	 133	  99	 158	  98	 169	 152	 103	 236	  58	  10	 208	 195	 198
      11	  25	  40	 142	  52	  58	 154	 149	 141	 143	  91	 136	  90	 155	 157	 112	 233	  55	  17	 237	 190	 201
      11	  25	  39	 139	  54	  49	 179	 161	  82	 115	 104	 154	  88	 169	 148	 117	 233	  63	  13	 208	 204	 190
      11	  25	  44	 142	  61	  59	 150	 156	 112	 157	 120	 132	  77	 172	 194	  77	 231	  60	  16	 221	 203	 211
      11	  25	  36	 151	  62	  55	 144	 151	 111	 124	 115	 140	  94	 173	 199	 107	 242	  57	  21	 244	 223	 215
      11	  25	  42	 141	  67	  52	 156	 153	 111	 102	 117	 166	  93	 189	 181	  78	 241	  55	  20	 231	 214	 210
      11	  25	  52	 127	  65	  67	 192	 168	 184	 138	 154	 150	  91	 167	 228	  78	 229	  64	  15	 221	 207	 187
      11	  25	  44	 138	  66	  59	 148	 146	 138	  74	 113	 166	  93	 162	 120	 103	 233	  52	  16	 206	 202	 182
      11	  25	  48	 132	  63	  62	 173	 163	  86	  96	 136	 136	  93	 172	 204	 104	 232	  63	   9	 211	 194	 202
      11	  25	  53	 124	  67	  54	 162	 151	 113	  89	  94	 128	  81	 172	 153	  96	 233	  57	  11	 223	 195	 197
      11	  25	  64	 108	  67	  59	 182	 165	 120	  93	 109	 150	  79	 157	 162	 119	 229	  60	  15	 220	 196	 201
      11	  25	  63	 108	  68	  60	 169	 167	 124	 115	 108	 138	  82	 157	 143	 114	 235	  61	  17	 224	 193	 196
      11	  25	  54	 122	  65	  59	 158	 158	 120	 118	 115	 129	  94	 151	 155	 124	 241	  63	  13	 224	 188	 204
      11	  25	  45	 132	  58	  55	 164	 149	 139	 149	  90	 145	  85	 158	 168	 110	 237	  58	   8	 202	 193	 199
      11	  25	  30	 158	  58	  58	 156	 153	 139	 140	 136	 168	  91	 190	 185	  93	 234	  61	  15	 208	 204	 187
      11	  25	  37	 150	  58	  58	 141	 162	  86	 175	 123	 133	  90	 163	 194	  78	 232	  58	  19	 224	 214	 204
      11	  25	  38	 146	  62	  56	 157	 156	 146	 107	 137	 170	  83	 179	 165	 104	 235	  59	  20	 217	 211	 197
      11	  25	  45	 136	  64	  56	 146	 159	 121	 150	 126	 123	  78	 180	 168	 108	 234	  57	  17	 221	 193	 205
      11	  25	  52	 128	  62	  64	 149	 167	 122	 125	 137	 166	  99	 160	 115	  84	 228	  63	  12	 200	 195	 192
      11	  25	  53	 124	  64	  57	 158	 166	  88	 144	 112	 137	  84	 171	 148	  94	 227	  58	  13	 201	 192	 212
      11	  25	  53	 119	  65	  54	 175	 168	  93	 108	 108	 141	 100	 162	 161	 126	 225	  60	  12	 188	 211	 197
      11	  25	  55	 116	  67	  53	 170	 163	 121	 108	  91	 136	  85	 160	 137	 119	 228	  57	  18	 221	 192	 202
      11	  25	  62	 108	  67	  56	 181	 175	  97	 110	 113	 134	  81	 157	 152	 108	 225	  64	  14	 212	 188	 193
      11	  25	  58	 115	  67	  56	 164	 160	 125	 107	 102	 113	  84	 169	 189	 141	 235	  60	  13	 202	 202	 194
      11	  25	  46	 133	  54	  66	 158	 150	 145	 119	 105	 122	  81	 115	 164	 147	 230	  59	   8	 213	 190	 189
      11	  25	  19	 175	  59	  55	 131	 131	 129	 105	 108	 119	  79	 184	 167	  94	 235	  54	  17	 207	 197	 189
      11	  25	  33	 159	  59	  67	 140	 154	 111	 135	 145	 139	  93	 172	 176	  98	 244	  63	  17	 215	 212	 197
      11	  25	  34	 154	  65	  53	 143	 156	  83	 130	 141	 140	  83	 191	 167	 105	 246	  61	  15	 212	 213	 215
      11	  25	  28	 164	  54	  70	 139	 145	 143	 105	 143	 107	  82	 152	 171	  68	 229	  54	  10	 227	 202	 210
      11	  25	  25	 165	  49	  64	 159	 155	 142	 139	 144	 156	  71	 189	 149	 123	 244	  55	  14	 212	 197	 192
      11	  25	  36	 151	  55	  63	 143	 141	 104	  95	 104	 127	  86	 169	 119	 106	 227	  51	  15	 205	 195	 190
      11	  25	  50	 125	  60	  64	 202	 167	 150	  79	 144	 171	  89	 165	 183	  99	 221	  67	  16	 220	 187	 188
      11	  25	  47	 128	  61	  57	 168	 157	 114	 112	  92	 152	  98	 143	 184	  98	 225	  60	  12	 200	 197	 193
      11	  25	  50	 127	  64	  55	 160	 158	 117	 136	  88	 128	  96	 167	 183	 113	 233	  58	  11	 215	 177	 204
      11	  25	  61	 111	  69	  55	 164	 168	  95	 134	 105	 117	  82	 173	 199	 100	 226	  61	  13	 200	 181	 200
      11	  25	  56	 118	  61	  65	 161	 171	  99	  87	 141	 158	 100	 143	 172	  92	 227	  62	   8	 214	 187	 218
      11	  25	  26	 161	  58	  51	 148	 152	  79	 131	 135	 144	  82	 185	 166	  95	 237	  60	  11	 204	 196	 192
      11	  25	  27	 163	  55	  63	 124	 154	 150	 163	 151	 131	  70	 154	 133	  59	 228	  61	  11	 214	 209	 196
      11	  25	  23	 171	  55	  55	 101	 152	 120	 153	 151	 162	  98	 181	 152	  90	 238	  59	  11	 217	 184	 196
      11	  25	  24	 173	  44	  77	 113	 150	 114	 131	 156	 131	  91	 149	 159	  84	 229	  61	   9	 219	 187	 205
      11	  25	  18	 172	  48	  57	 138	 147	 107	 134	 135	 152	  73	 174	 130	 105	 237	  56	   9	 209	 191	 193
      11	  25	  27	 156	  53	  55	 163	 154	 110	 125	 118	 165	  86	 166	 172	  85	 224	  55	  10	 226	 178	 211
      11	  25	  41	 137	  59	  57	 168	 151	 146	  92	 107	 131	  79	 163	 185	 114	 230	  59	  15	 215	 197	 190
      11	  25	  54	 117	  66	  51	 178	 177	  65	 139	 122	 147	  87	 181	 160	 126	 237	  66	  11	 203	 189	 187
      11	  25	  51	 122	  60	  57	 177	 158	 117	 105	  79	 130	  93	 144	 154	 114	 231	  57	  15	 229	 188	 195
      11	  25	  50	 124	  62	  54	 178	 151	 175	 142	  77	 127	  83	 160	 156	 110	 227	  61	  16	 207	 191	 203
      11	  25	  60	 111	  71	  55	 187	 162	 154	  98	 127	 120	  65	 173	 148	  85	 229	  66	  10	 219	 185	 192
      11	  25	  31	 156	  61	  55	 134	 153	 116	 128	 137	 153	  94	 176	 189	 108	 235	  59	  14	 217	 183	 193
      11	  25	  34	 160	  54	  79	 112	 148	 213	 163	 155	 117	  91	 163	 179	  68	 230	  61	  12	 216	 190	 194
      11	  25	  26	 168	  56	  66	 121	 144	 175	 144	 160	 130	  80	 168	 163	  75	 231	  60	  12	 216	 189	 194
      11	  25	  23	 167	  53	  63	 129	 152	 114	 153	 142	 125	  95	 159	 186	 151	 246	  55	  14	 228	 191	 192
      11	  25	  26	 160	  56	  57	 141	 155	  86	 114	 127	 127	  92	 166	 187	 136	 240	  57	  12	 220	 196	 195
      11	  25	  34	 146	  53	  62	 181	 167	 120	  98	 141	 144	  77	 162	 149	 140	 236	  63	  15	 213	 198	 180
      11	  25	  33	 146	  57	  50	 158	 157	  84	 112	 106	 147	  94	 165	 143	  97	 230	  62	  16	 214	 188	 194
      11	  25	  41	 137	  60	  55	 155	 152	 146	 148	 112	 134	  90	 173	 166	 116	 235	  61	  12	 206	 192	 200
      11	  25	  45	 130	  52	  61	 181	 167	  88	 137	 108	 123	  93	 145	 168	 121	 230	  61	  11	 218	 194	 186
      11	  25	  45	 128	  59	  46	 173	 157	  82	 137	  82	 126	  77	 179	 173	  82	 219	  60	  17	 217	 173	 206
      11	  25	  54	 117	  60	  57	 178	 175	 127	 144	 123	 165	  99	 153	 150	  78	 218	  69	  17	 223	 188	 204
